Fitness: -69.01146758433762
Objective: 1.5814675843376165
Individual: 2.77889 -2.04935 -1.68246 2.36253 3.16177 -4.29196 4.27873 1.96059 1.15762 4.53225 
Gradient: 0.00000 -0.00000 -0.00000 0.00000 0.00000 -0.00000 0.00000 0.00000 0.00000 0.00000 
Xopt: 1.84703 -0.71935 -2.33828 -1.33826 3.74205 -3.95106 3.70964 3.51892 3.57756 3.49666 
Fopt: 67.43
F(Xopt): 67.43
