Fitness: -50.438040178738035
Objective: 0.7080401787380382
Individual: 2.15631 1.60800 -2.02965 2.04960 1.89963 -3.39095 0.04522 2.19728 -2.04919 4.35663 
Gradient: 0.00000 0.00000 -0.00000 0.00000 0.00000 -0.00000 0.00000 0.00000 -0.00000 0.00000 
Xopt: 1.84559 1.99336 -1.21352 3.17822 1.66542 -1.18468 -3.03411 2.79930 -3.33424 3.42998 
Fopt: 49.73
F(Xopt): 49.73
