Fitness: -2.633877146442433
Objective: 2.633877146442433
Individual: -3.54431 2.40559 -3.56928 -2.22374 -4.26793 2.74524 0.66629 2.77208 4.52206 -1.69791 
Gradient: -342.21427 661.81109 140.00391 416.33479 -166.56713 -381.29521 255.96169 471.68632 96.32030 -705.14968 
Xopt: 1.84559 1.99336 -1.21352 3.17822 1.66542 -1.18468 -3.03411 2.79930 -3.33424 3.42998 
Fopt: 0.0
F(Xopt): 0.0
