Fitness: -4.989261067448885
Objective: 4.989261067448885
Individual: 2.19447 1.54429 -1.24651 4.55900 -0.00874 -4.71718 -3.61340 -4.03459 2.03925 1.53626 
Gradient: -452.95347 -37.62476 -690.55720 1139.73876 811.75484 1335.96551 -1921.30184 -1456.94301 1507.46314 515.79623 
Xopt: 1.84631 0.63700 2.22410 -3.08002 -1.29627 1.43213 0.33776 3.15911 -3.87834 3.46332 
Fopt: 0.0
F(Xopt): 0.0
