Fitness: -3.5729436007624074
Objective: 3.5729436007624074
Individual: 1.29017 1.05527 -2.20860 2.75487 -1.28602 2.10457 -0.87641 0.31242 -1.82650 -0.35173 
Gradient: 315.14797 -514.06936 909.21989 322.00190 -502.60099 633.07094 -408.38014 -94.27309 375.60619 -1212.48150 
Xopt: 1.84201 0.77513 -2.40163 2.46942 0.47384 1.73127 -3.89349 1.00026 -0.61375 3.26330 
Fopt: 0.0
F(Xopt): 0.0
