Fitness: -4.272503474853153
Objective: 4.272503474853153
Individual: 1.47295 -3.75047 0.35754 -1.04578 -1.54422 -1.01427 3.51347 -1.01002 -1.80133 -0.85952 
Gradient: 811.31517 -241.80572 113.56734 -962.36496 -135.25017 -114.07462 475.13440 -108.79142 398.70511 -414.38065 
Xopt: 1.84703 -0.71935 -2.33828 -1.33826 3.74205 -3.95106 3.70964 3.51892 3.57756 3.49666 
Fopt: 0.0
F(Xopt): 0.0
