Fitness: -370.19258634947073
Objective: 370.19258634947073
Individual: -2.18353 1.44315 -0.54959 -1.45593 0.84934 0.26658 0.95913 -0.11187 -3.52011 1.44297 0.16149 -2.12891 -0.62222 2.21244 -0.28497 2.70334 -0.21808 -1.82799 1.10626 2.84464 -1.06307 -0.05606 -1.55561 0.97622 -0.61112 
Gradient: -13.79020 329.74467 -306.95808 34.37953 322.30112 -68.94997 189.28781 84.69119 373.34994 -46.17186 -432.35810 114.36536 259.72699 -363.51834 409.23578 -55.06661 205.46164 -12.36077 128.72032 -609.59672 215.17456 -401.29113 -437.85797 517.09257 98.74532 
Xopt: 2.50000 2.50000 -2.50000 2.50000 2.50000 2.50000 -2.50000 -2.50000 2.50000 2.50000 -2.50000 2.50000 2.50000 -2.50000 -2.50000 -2.50000 2.50000 2.50000 -2.50000 -2.50000 2.50000 2.50000 -2.50000 -2.50000 2.50000 
Fopt: 0.0
F(Xopt): 387.7531058113849
