Fitness: -342.9879573172242
Objective: 342.9879573172242
Individual: 1.58878 0.18480 0.19355 -1.74070 -0.24448 2.37520 -1.50924 0.36316 -0.80705 0.00968 0.09708 1.22624 1.18708 2.38921 2.05668 -1.70369 -1.06006 1.89868 0.56659 -0.38923 0.50047 1.31821 -1.47558 0.33554 -1.14988 
Gradient: 195.44678 447.96600 -30.58635 -466.90526 350.30379 128.85390 284.01233 163.51525 194.22578 -144.66314 33.88600 -677.48832 -329.39870 650.98511 -405.99995 -236.84915 237.08490 76.88540 -365.53127 -302.52358 -31.52383 -490.54509 -154.50215 -362.40693 -389.87659 
Xopt: 2.50000 2.50000 -2.50000 2.50000 2.50000 -2.50000 -2.50000 2.50000 -2.50000 2.50000 2.50000 2.50000 2.50000 -2.50000 -2.50000 -2.50000 2.50000 -2.50000 -2.50000 2.50000 -2.50000 -2.50000 2.50000 -2.50000 2.50000 
Fopt: 0.0
F(Xopt): 454.0163411971378
