Fitness: -339.92230670223444
Objective: 339.92230670223444
Individual: 1.25248 0.48596 -0.50995 0.14325 -1.25922 0.09846 0.86458 -1.29451 -0.00998 1.33398 -0.64735 2.24624 1.41263 2.17873 -1.86966 2.02280 2.28745 1.05635 -0.19082 0.45128 -0.92425 0.80426 1.02080 -0.69860 -2.00794 
Gradient: -240.11058 456.64973 -854.04922 355.27902 -357.76047 -527.65738 -216.00559 -0.57395 -146.72408 325.07642 355.13775 -254.90969 24.37399 -160.08242 76.42360 -26.19174 -89.43804 -108.09788 113.23617 153.70076 447.97731 -527.82533 -58.80008 -314.93054 447.92495 
Xopt: 2.50000 -2.50000 2.50000 2.50000 2.50000 -2.50000 -2.50000 2.50000 2.50000 2.50000 -2.50000 -2.50000 -2.50000 -2.50000 2.50000 2.50000 -2.50000 2.50000 -2.50000 2.50000 2.50000 -2.50000 2.50000 2.50000 2.50000 
Fopt: 0.0
F(Xopt): 417.5184533909334
