Fitness: -310.425751081984
Objective: 310.425751081984
Individual: -3.60681 2.17798 -0.30542 1.74301 0.93236 0.56046 -2.07201 -1.60140 -1.17132 -1.29593 1.60721 1.55617 1.44021 -0.26507 0.66765 1.26199 -1.22503 -0.44731 -1.41221 1.49083 0.03461 -0.29437 0.50623 0.55559 -0.75128 
Gradient: 96.28151 264.00142 -207.76799 -197.68506 -234.36683 -84.59246 -143.93260 550.10115 27.94238 -421.65715 -488.14025 -684.14005 67.36364 -534.69940 -65.29012 -95.73403 372.86007 532.02529 97.90625 275.88306 -17.56040 208.75514 -219.38825 -339.16719 94.50516 
Xopt: 2.50000 -2.50000 -2.50000 -2.50000 2.50000 -2.50000 2.50000 2.50000 2.50000 2.50000 -2.50000 -2.50000 -2.50000 2.50000 -2.50000 2.50000 2.50000 -2.50000 -2.50000 -2.50000 2.50000 2.50000 -2.50000 2.50000 2.50000 
Fopt: 0.0
F(Xopt): 429.4984599508051
