Fitness: -342.19149670284423
Objective: 342.19149670284423
Individual: 1.16238 -2.31913 -1.97216 1.25233 -2.27227 3.91806 -3.34997 1.56517 0.39284 -0.30474 3.32359 0.16034 2.03900 -1.69001 -2.02278 2.78506 1.86463 -2.18920 -2.18088 -0.66101 0.93076 -0.68462 -0.98187 -0.74547 0.81703 
Gradient: -310.51760 326.51654 -52.82278 -188.25791 777.79386 227.53194 870.02539 -331.71740 286.69200 -145.48052 -473.61511 577.63322 -552.15673 25.91045 211.88537 310.73411 -264.90834 -115.48531 -867.46917 686.71483 50.49652 365.94645 -471.65506 -751.53638 -376.52270 
Xopt: 2.50000 -2.50000 -2.50000 -2.50000 -2.50000 2.50000 -2.50000 2.50000 -2.50000 2.50000 2.50000 -2.50000 2.50000 -2.50000 -2.50000 2.50000 2.50000 -2.50000 -2.50000 2.50000 2.50000 -2.50000 -2.50000 2.50000 -2.50000 
Fopt: 0.0
F(Xopt): 423.137024708816
