Fitness: -334.83316426766123
Objective: 334.83316426766123
Individual: -1.36493 -2.35344 -2.83626 1.55970 0.71713 2.01692 0.81913 -0.64615 -1.39019 -1.15390 -0.03201 0.65327 1.71397 0.67784 -1.02945 -0.37985 -1.67462 0.26642 2.02034 0.97554 -0.76298 0.98696 -0.21437 -1.19403 0.38627 
Gradient: -139.09994 193.27607 -789.25412 -139.83850 -385.07515 -353.65897 449.04954 -359.01021 956.29319 151.40128 -340.26944 -304.67263 -301.23822 630.89387 -892.14612 -270.08183 170.52373 -1091.03689 -112.42218 1013.56408 230.44614 -25.77544 300.81823 274.05671 217.00133 
Xopt: 2.50000 2.50000 2.50000 2.50000 2.50000 -2.50000 2.50000 2.50000 -2.50000 2.50000 -2.50000 -2.50000 -2.50000 -2.50000 2.50000 -2.50000 -2.50000 -2.50000 -2.50000 -2.50000 -2.50000 -2.50000 -2.50000 2.50000 -2.50000 
Fopt: 0.0
F(Xopt): 469.14037713120047
