Fitness: -315.69764128075195
Objective: 315.69764128075195
Individual: 0.09992 -2.79394 -1.30936 -3.82726 0.49095 4.44846 -0.51720 -0.53399 -0.55093 -1.61706 -1.17073 0.77910 -1.96582 -2.32046 0.15232 1.10385 -0.05208 -1.68337 1.26401 -0.22352 -0.46339 0.63670 1.46050 -0.66000 -1.11105 
Gradient: 134.96352 301.93250 -73.77009 -394.42973 211.57604 -12.35674 154.48271 -135.46305 -142.54446 -64.04527 -602.84680 92.13562 384.40722 56.24959 536.84294 234.25448 -18.29955 256.01700 303.03165 -126.25188 903.22049 -27.19893 42.95330 -3.54842 -410.99773 
Xopt: 2.50000 2.50000 2.50000 2.50000 -2.50000 -2.50000 2.50000 2.50000 -2.50000 2.50000 2.50000 -2.50000 2.50000 2.50000 2.50000 -2.50000 -2.50000 2.50000 -2.50000 -2.50000 2.50000 2.50000 2.50000 2.50000 2.50000 
Fopt: 0.0
F(Xopt): 390.56815932997574
