Fitness: -386.4177027892508
Objective: 386.4177027892508
Individual: 0.03317 -4.00520 -2.97030 -3.95078 0.47202 0.52310 0.48749 -1.15493 -0.60683 -2.37505 0.07683 0.40381 -0.14198 -0.26062 -0.24334 -0.47630 0.91381 -1.81398 1.33850 -1.98927 -0.45525 0.15820 -0.32871 0.71857 -1.34201 
Gradient: 53.30652 245.42429 504.67851 72.07236 -495.35951 191.58188 -197.78455 175.55915 -117.13227 872.56534 1064.94531 256.61101 199.83897 -131.89063 -79.68427 95.69140 209.32062 1124.66513 -641.72694 189.85813 14.95651 -882.40493 439.36969 -171.51897 -389.58616 
Xopt: 2.50000 2.50000 2.50000 -2.50000 -2.50000 2.50000 2.50000 2.50000 -2.50000 2.50000 2.50000 2.50000 -2.50000 2.50000 2.50000 2.50000 -2.50000 2.50000 -2.50000 2.50000 -2.50000 -2.50000 -2.50000 -2.50000 2.50000 
Fopt: 0.0
F(Xopt): 371.8500994598136
