Fitness: -378.5757659912807
Objective: 378.5757659912807
Individual: 3.18860 1.46543 -0.78306 1.85403 -1.53049 0.33372 0.82459 -0.46199 0.56828 2.20553 -0.39943 0.12316 -1.53483 1.81533 2.66062 0.56655 1.99498 1.15824 0.10708 -1.38326 1.61838 0.02927 1.14952 1.72051 0.92504 
Gradient: -200.94890 364.71430 -181.68587 339.28831 417.72549 -41.58759 -133.56724 698.81624 90.28725 -246.94736 -293.89190 461.10869 565.19895 434.55030 -224.68425 14.30113 -369.06080 511.71400 -133.08608 252.75111 -191.07541 -121.71294 114.49717 -121.06483 568.67150 
Xopt: 2.50000 -2.50000 -2.50000 2.50000 -2.50000 2.50000 2.50000 -2.50000 2.50000 2.50000 -2.50000 2.50000 2.50000 2.50000 2.50000 -2.50000 2.50000 -2.50000 -2.50000 -2.50000 -2.50000 -2.50000 -2.50000 2.50000 2.50000 
Fopt: 0.0
F(Xopt): 384.2395458197657
