Fitness: -275.69748596377275
Objective: 275.69748596377275
Individual: -0.86062 0.53242 -1.01990 -0.56673 -1.16600 -2.21309 0.86683 -0.66772 0.97376 -1.60317 -1.31208 -2.19955 0.85065 -0.26212 0.00303 0.37334 -1.37329 0.74342 1.01575 -1.17772 -1.58885 -0.34826 -0.63458 -1.65060 0.11577 
Gradient: 39.84760 192.49346 -124.81918 -330.44450 -139.97739 -196.55043 -210.02985 574.71633 255.49464 223.75952 518.97577 -100.20000 -177.03376 -399.89734 575.92486 -107.48448 -38.96488 267.68570 166.29825 55.37840 356.13986 367.19553 -102.14867 268.03168 -56.07518 
Xopt: 2.50000 2.50000 -2.50000 2.50000 2.50000 2.50000 -2.50000 2.50000 -2.50000 2.50000 -2.50000 2.50000 -2.50000 2.50000 -2.50000 -2.50000 2.50000 2.50000 -2.50000 2.50000 2.50000 -2.50000 2.50000 -2.50000 -2.50000 
Fopt: 0.0
F(Xopt): 379.6046819351578
