Fitness: -30.998768634296425
Objective: 0.008768634296426825
Individual: 1.81049 2.31659 2.20000 0.64477 3.34797 -0.93638 0.64724 0.63344 -0.06333 3.14710 
Gradient: 0.00554 0.12668 -0.00001 0.00566 0.00216 0.01981 -0.00389 -0.00372 0.00280 -0.00186 
Xopt: 1.84129 2.13149 2.16075 0.72766 3.43553 -0.88554 0.73464 0.64045 -0.06965 3.22997 
Fopt: 30.99
F(Xopt): 30.99
