Fitness: 12.072936047766326
Objective: 0.0070639522336737315
Individual: 1.73885 -3.31729 -3.55511 2.09587 -2.13100 1.32716 2.40160 -3.85661 2.45112 3.53301 
Gradient: -0.00189 0.10458 -0.01356 -0.01597 0.05641 -0.00006 -0.01606 0.00587 -0.02949 0.00784 
Xopt: 1.84846 -3.43206 -3.46304 2.14526 -2.18132 1.28256 2.45339 -3.76146 2.48936 3.56333 
Fopt: -12.08
F(Xopt): -12.08
