Fitness: -62.138445379091515
Objective: 0.008445379091511995
Individual: 1.78552 3.16608 0.00352 3.80854 2.80440 3.95057 -2.19672 -3.31934 1.80722 3.72376 
Gradient: 0.00136 -0.00057 0.00629 -0.01344 -0.02338 0.00001 0.00496 -0.00177 -0.08805 0.05756 
Xopt: 1.84918 3.21158 -0.02542 3.88702 2.85699 3.89937 -2.17474 -3.40165 1.94526 3.59667 
Fopt: 62.13
F(Xopt): 62.13
