Fitness: -49.73626856421939
Objective: 0.006268564219389816
Individual: 1.92344 1.94728 -1.14818 3.26267 1.67946 -1.25243 -2.96986 2.73075 -3.22689 3.41973 
Gradient: 0.17383 -0.02386 -0.00170 -0.00941 0.00289 -0.00335 -0.00000 -0.00218 0.01328 0.05831 
Xopt: 1.84559 1.99336 -1.21352 3.17822 1.66542 -1.18468 -3.03411 2.79930 -3.33424 3.42998 
Fopt: 49.73
F(Xopt): 49.73
