Fitness: 65.43556125513155
Objective: 0.004438744868451749
Individual: 1.73867 0.73284 -2.45950 2.38522 0.53034 1.69993 -3.91393 0.93212 -0.60609 3.28977 
Gradient: -0.01382 0.00000 -0.01579 -0.05597 0.01906 -0.05393 0.00351 -0.00236 0.00132 0.02876 
Xopt: 1.84201 0.77513 -2.40163 2.46942 0.47384 1.73127 -3.89349 1.00026 -0.61375 3.26330 
Fopt: -65.44
F(Xopt): -65.44
