Fitness: -67.43507560858099
Objective: 0.005075608580980884
Individual: 1.80371 -0.79925 -2.32607 -1.25721 3.63978 -4.04973 3.70105 3.50462 3.58403 3.51547 
Gradient: -0.06471 -0.01215 0.01078 -0.00366 -0.08473 0.00565 0.00698 -0.09836 -0.01248 0.00679 
Xopt: 1.84703 -0.71935 -2.33828 -1.33826 3.74205 -3.95106 3.70964 3.51892 3.57756 3.49666 
Fopt: 67.43
F(Xopt): 67.43
