Fitness: -60.64440577577889
Objective: 0.004405775778892007
Individual: 1.81261 -2.15869 1.24421 0.39697 0.79740 -1.32179 -1.00585 3.94048 3.01610 3.53039 
Gradient: 0.00265 -0.02447 0.03460 -0.00380 0.00045 0.03049 -0.01892 0.02649 -0.02618 -0.00203 
Xopt: 1.84774 -2.07571 1.09934 0.40350 0.78036 -1.33425 -0.91849 3.87873 3.03346 3.52999 
Fopt: 60.64
F(Xopt): 60.64
