Fitness: -29.324403160216228
Objective: 0.004403160216227775
Individual: 1.80185 0.63547 2.11926 -3.04432 -1.28059 1.45595 0.36021 3.24232 -3.77315 3.37989 
Gradient: 0.00716 0.01927 0.00356 0.06078 -0.01109 -0.00637 -0.02828 0.00403 0.09369 -0.00319 
Xopt: 1.84631 0.63700 2.22410 -3.08002 -1.29627 1.43213 0.33776 3.15911 -3.87834 3.46332 
Fopt: 29.32
F(Xopt): 29.32
