Fitness: 103.9530986471392
Objective: 0.006901352860793963
Individual: 1.81596 3.26239 3.30721 1.46153 -3.35915 -3.79142 1.71275 2.51124 -2.79359 3.48136 
Gradient: 0.00774 -0.10299 0.00126 0.01811 -0.00009 -0.01619 0.00625 0.05594 0.02508 0.01022 
Xopt: 1.84488 3.34971 3.34886 1.43646 -3.37290 -3.80149 1.59401 2.43950 -2.79014 3.39665 
Fopt: -103.96
F(Xopt): -103.96
