Fitness: 138.863116167432
Objective: 0.0068838325680076196
Individual: 1.89413 -3.18005 -0.15455 -0.36184 -0.50674 1.54823 -1.83591 2.13225 -2.15314 3.40197 
Gradient: -0.00279 0.02247 0.00799 0.00148 -0.12050 -0.01886 0.00319 -0.01008 0.03272 -0.00063 
Xopt: 1.84416 -3.29393 -0.08876 -0.30530 -0.41121 1.58170 -1.77786 2.07969 -2.24604 3.36331 
Fopt: -138.87
F(Xopt): -138.87
