Fitness: 136.46949104017162
Objective: 2.400508959828386
Individual: 2.65966 -3.30549 0.56196 -0.39711 0.49194 1.14571 -1.56064 1.75969 -2.62525 3.29765 
Gradient: 1.63101 -0.02311 1.30145 -0.18361 1.80631 -0.87197 0.43445 -0.63998 -0.75842 -0.13132 
Xopt: 1.84416 -3.29393 -0.08876 -0.30530 -0.41121 1.58170 -1.77786 2.07969 -2.24604 3.36331 
Fopt: -138.87
F(Xopt): -138.87
