Fitness: 6.99956903720596
Objective: 5.08043096279404
Individual: 1.86103 -2.68931 -3.58675 3.23409 -0.94302 1.52327 2.23479 -2.71479 2.49422 2.79322 
Gradient: 0.02513 1.48551 -0.24743 2.17767 2.47660 0.48142 -0.43720 2.09334 0.00971 -1.54021 
Xopt: 1.84846 -3.43206 -3.46304 2.14526 -2.18132 1.28256 2.45339 -3.76146 2.48936 3.56333 
Fopt: -12.08
F(Xopt): -12.08
