Fitness: 61.24108786406096
Objective: 4.19891213593904
Individual: 2.03332 0.43378 -2.22680 1.85234 -0.23719 0.89325 -3.32090 0.50974 -0.82659 1.91689 
Gradient: 0.38263 -0.68271 0.34966 -1.23415 -1.42206 -1.67605 1.14517 -0.98103 -0.42570 -2.69283 
Xopt: 1.84201 0.77513 -2.40163 2.46942 0.47384 1.73127 -3.89349 1.00026 -0.61375 3.26330 
Fopt: -65.44
F(Xopt): -65.44
