Fitness: -62.733224391220254
Objective: 2.0932243912202537
Individual: 2.68499 -2.05176 1.21836 -0.15615 0.91322 -1.45377 -0.38200 4.00407 3.03537 2.67628 
Gradient: 1.67450 0.04791 0.23804 -1.11929 0.26571 -0.23903 1.07296 0.25068 0.00383 -1.70744 
Xopt: 1.84774 -2.07571 1.09934 0.40350 0.78036 -1.33425 -0.91849 3.87873 3.03346 3.52999 
Fopt: 60.64
F(Xopt): 60.64
