Fitness: 99.21679338619467
Objective: 4.743206613805327
Individual: 1.47321 1.90350 2.74762 0.46965 -2.68192 -3.16801 1.63943 2.47856 -2.46006 2.92118 
Gradient: -0.74333 -2.89242 -1.20247 -1.93362 1.38195 1.26696 0.09082 0.07813 0.66016 -0.95093 
Xopt: 1.84488 3.34971 3.34886 1.43646 -3.37290 -3.80149 1.59401 2.43950 -2.79014 3.39665 
Fopt: -103.96
F(Xopt): -103.96
