Fitness: 137.3473319454957
Objective: 1.5226680545042939
Individual: 2.65966 -3.30549 0.55986 -0.40031 0.00414 1.67206 -1.31890 1.96156 -2.26792 3.21504 
Gradient: 1.63101 -0.02311 1.29725 -0.19002 0.83072 0.18073 0.91792 -0.23626 -0.04375 -0.29654 
Xopt: 1.84416 -3.29393 -0.08876 -0.30530 -0.41121 1.58170 -1.77786 2.07969 -2.24604 3.36331 
Fopt: -138.87
F(Xopt): -138.87
