Fitness: -78.82243862639271
Objective: 11.392438626392703
Individual: 1.94275 -0.24844 -0.45960 -1.35647 2.19690 -3.18396 3.32039 1.86230 2.30280 3.12937 
Gradient: 0.19144 0.94182 3.75736 -0.03641 -3.09029 1.53420 -0.77850 -3.31326 -2.54952 -0.73457 
Xopt: 1.84703 -0.71935 -2.33828 -1.33826 3.74205 -3.95106 3.70964 3.51892 3.57756 3.49666 
Fopt: 67.43
F(Xopt): 67.43
