Fitness: 3.2128332614333797
Objective: 8.86716673856662
Individual: 2.40608 -2.63395 -4.12738 2.15923 -0.86251 0.86167 1.28239 -1.93971 2.91113 2.73065 
Gradient: 1.11524 1.59623 -1.32868 0.02794 2.63763 -0.84178 -2.34200 3.64350 0.84354 -1.66537 
Xopt: 1.84846 -3.43206 -3.46304 2.14526 -2.18132 1.28256 2.45339 -3.76146 2.48936 3.56333 
Fopt: -12.08
F(Xopt): -12.08
