Fitness: -67.59760482675676
Objective: 5.467604826756762
Individual: 2.45888 3.22455 -0.12400 3.32079 1.84654 2.86248 -3.31027 -3.52976 1.24989 2.65868 
Gradient: 1.21941 0.02594 -0.19716 -1.13246 -2.02089 -2.07378 -2.27107 -0.25622 -1.39074 -1.87598 
Xopt: 1.84918 3.21158 -0.02542 3.88702 2.85699 3.89937 -2.17474 -3.40165 1.94526 3.59667 
Fopt: 62.13
F(Xopt): 62.13
