Fitness: -37.76572306228228
Objective: 8.445723062282276
Individual: 4.19041 0.68288 1.32517 -2.37629 -0.46806 0.79269 0.85438 3.23214 -3.37681 3.29922 
Gradient: 4.68820 0.09175 -1.79786 1.40747 1.65643 -1.27887 1.03323 0.14606 1.00306 -0.32820 
Xopt: 1.84631 0.63700 2.22410 -3.08002 -1.29627 1.43213 0.33776 3.15911 -3.87834 3.46332 
Fopt: 29.32
F(Xopt): 29.32
