Fitness: 56.42913390297746
Objective: 9.010866097022536
Individual: 2.30855 1.94997 -1.47351 1.46612 0.60976 1.19411 -2.81936 -0.61085 0.60630 3.26330 
Gradient: 0.93309 2.34968 1.85624 -2.00661 0.27183 -1.07432 2.14825 -3.22221 2.44008 0.00000 
Xopt: 1.84201 0.77513 -2.40163 2.46942 0.47384 1.73127 -3.89349 1.00026 -0.61375 3.26330 
Fopt: -65.44
F(Xopt): -65.44
