Fitness: -65.91847219618788
Objective: 5.278472196187877
Individual: 1.94625 -2.03806 1.77980 -0.10498 1.73214 -1.35907 -1.02355 3.33894 2.98330 1.70397 
Gradient: 0.19702 0.07530 1.36092 -1.01694 1.90356 -0.04964 -0.21012 -1.07959 -0.10032 -3.65204 
Xopt: 1.84774 -2.07571 1.09934 0.40350 0.78036 -1.33425 -0.91849 3.87873 3.03346 3.52999 
Fopt: 60.64
F(Xopt): 60.64
