Fitness: -40.52534819688536
Objective: 9.535348196885362
Individual: 2.19867 3.44271 1.25581 1.15819 2.43219 0.28200 -0.37779 -0.27312 -1.20203 2.25025 
Gradient: 0.71475 2.62244 -1.80988 0.86105 -2.00668 2.33508 -2.22485 -1.82714 -2.26476 -1.95942 
Xopt: 1.84129 2.13149 2.16075 0.72766 3.43553 -0.88554 0.73464 0.64045 -0.06965 3.22997 
Fopt: 30.99
F(Xopt): 30.99
