Fitness: -51.319403280655976
Objective: 1.5894032806559792
Individual: 1.84399 2.52020 -1.39606 2.31240 1.73350 -1.63485 -3.13085 2.83825 -3.27345 2.87590 
Gradient: -0.00321 1.05369 -0.36509 -1.73164 0.13617 -0.90033 -0.19348 0.07789 0.12158 -1.10817 
Xopt: 1.84559 1.99336 -1.21352 3.17822 1.66542 -1.18468 -3.03411 2.79930 -3.33424 3.42998 
Fopt: 49.73
F(Xopt): 49.73
