Fitness: -32.74496978971914
Objective: 1.7549697897191443
Individual: 1.84877 2.43922 2.03933 0.92492 2.56585 -1.01344 0.79059 -0.21031 0.05914 2.92940 
Gradient: 0.01496 0.61547 -0.24285 0.39453 -1.73936 -0.25580 0.11189 -1.70152 0.25758 -0.60113 
Xopt: 1.84129 2.13149 2.16075 0.72766 3.43553 -0.88554 0.73464 0.64045 -0.06965 3.22997 
Fopt: 30.99
F(Xopt): 30.99
