Fitness: -14.267721856967393
Objective: 14.267721856967393
Individual: -1.66295 1.65066 -2.12750 1.53820 4.03689 2.78699 -4.19100 -4.61332 1.26472 -1.52546 
Gradient: 886.33097 105.42007 654.80732 -113.85879 -198.61047 -97.90828 507.59956 1144.77608 489.44470 221.15488 
Xopt: 1.84918 3.21158 -0.02542 3.88702 2.85699 3.89937 -2.17474 -3.40165 1.94526 3.59667 
Fopt: 0.0
F(Xopt): 0.0
