Fitness: -28.47755767687392
Objective: 28.47755767687392
Individual: -3.94401 3.82063 1.53709 3.96305 0.80702 -2.72659 -2.73072 -0.64212 1.44857 0.38313 
Gradient: -301.92003 -3380.97128 -1136.89855 -2047.72779 89.91937 2262.93707 947.20207 1113.11765 -1142.08676 -4685.80588 
Xopt: 1.84416 -3.29393 -0.08876 -0.30530 -0.41121 1.58170 -1.77786 2.07969 -2.24604 3.36331 
Fopt: 0.0
F(Xopt): 0.0
