Fitness: -14.785408319336698
Objective: 14.785408319336698
Individual: -1.08020 -2.07984 2.51348 0.13228 0.31724 0.52373 -1.18728 0.29096 1.87184 -1.38682 
Gradient: -357.68992 729.32591 1752.20729 2844.25698 524.08171 -1693.73610 -931.23745 -33.49315 -187.27554 1461.49695 
Xopt: 1.84416 -3.29393 -0.08876 -0.30530 -0.41121 1.58170 -1.77786 2.07969 -2.24604 3.36331 
Fopt: 0.0
F(Xopt): 0.0
