Fitness: -18.886911621178584
Objective: 18.886911621178584
Individual: -4.42114 -3.66124 -3.30078 0.87769 2.03783 -1.71177 -1.03109 -1.37836 1.11244 -4.39381 
Gradient: -2648.14282 1159.78023 -625.31589 658.43575 -377.28380 -654.43102 244.47183 -886.19678 1776.53663 291.72456 
Xopt: 1.84201 0.77513 -2.40163 2.46942 0.47384 1.73127 -3.89349 1.00026 -0.61375 3.26330 
Fopt: 0.0
F(Xopt): 0.0
