Fitness: -12.658507504818568
Objective: 12.658507504818568
Individual: 2.19698 1.54773 -1.24651 4.55900 -0.00874 -4.71654 -3.62017 -4.03516 2.04100 1.53677 
Gradient: 661.27406 799.28219 -1562.18421 -1164.47992 -257.35660 -2544.26222 -688.00223 -446.47081 967.44668 -1346.40565 
Xopt: 1.84631 0.63700 2.22410 -3.08002 -1.29627 1.43213 0.33776 3.15911 -3.87834 3.46332 
Fopt: 0.0
F(Xopt): 0.0
