Fitness: -35.02098064197169
Objective: 35.02098064197169
Individual: -4.88000 2.61761 -1.54864 1.54137 4.32261 -3.97597 1.25016 -3.04810 4.46767 -0.07658 
Gradient: 1718.95260 -1412.24538 -2380.47232 53.45699 1090.66535 563.50842 2606.19196 -3855.45410 -1420.29300 -1344.76526 
Xopt: 1.84774 -2.07571 1.09934 0.40350 0.78036 -1.33425 -0.91849 3.87873 3.03346 3.52999 
Fopt: 0.0
F(Xopt): 0.0
