Fitness: -38.3544749892112
Objective: 38.3544749892112
Individual: 3.67156 3.82902 4.02091 0.43779 0.88577 -4.58063 -0.79010 -2.00891 -1.06318 3.12309 
Gradient: -799.53120 -71.64633 85.15668 -1584.85242 -3383.50939 2811.74826 1971.57795 1071.81023 -2275.95691 746.05499 
Xopt: 1.84559 1.99336 -1.21352 3.17822 1.66542 -1.18468 -3.03411 2.79930 -3.33424 3.42998 
Fopt: 0.0
F(Xopt): 0.0
