Fitness: -27.338707504247633
Objective: 27.338707504247633
Individual: -2.95837 1.66905 4.64919 1.55872 -1.66485 0.24952 -0.72174 1.94808 -1.07440 1.31709 
Gradient: -3128.09631 -51.84120 6374.63841 -691.51815 -859.08932 2039.56110 -5880.10784 -9169.41152 -318.24703 213.57278 
Xopt: 1.84846 -3.43206 -3.46304 2.14526 -2.18132 1.28256 2.45339 -3.76146 2.48936 3.56333 
Fopt: 0.0
F(Xopt): 0.0
