Fitness: -38.62742009718897
Objective: 38.62742009718897
Individual: 1.56264 0.75082 1.95803 0.61276 -1.75629 -2.10065 -1.77202 -4.29536 2.48563 1.97577 
Gradient: 594.12960 1831.77900 -225.78114 296.43344 279.84155 280.49595 -2163.48658 -468.68758 3115.81116 -270.86415 
Xopt: 1.84559 1.99336 -1.21352 3.17822 1.66542 -1.18468 -3.03411 2.79930 -3.33424 3.42998 
Fopt: 0.0
F(Xopt): 0.0
