Fitness: -19.373326140689343
Objective: 19.373326140689343
Individual: -1.06901 1.19322 0.55145 3.89087 1.76050 3.02972 2.55131 3.04150 -1.19451 -2.27089 
Gradient: -305.63339 121.54866 741.00772 19.79001 119.50216 1895.68702 -2093.26460 -2618.87470 854.72458 603.49459 
Xopt: 1.84846 -3.43206 -3.46304 2.14526 -2.18132 1.28256 2.45339 -3.76146 2.48936 3.56333 
Fopt: 0.0
F(Xopt): 0.0
