Fitness: -8.257011078025787
Objective: 8.257011078025787
Individual: 0.90156 -0.64313 -3.91655 0.83552 1.63663 0.53051 4.33331 1.31595 3.23592 -1.89550 
Gradient: 68.74870 -288.60531 -872.50124 -103.67879 531.63885 382.40188 -146.86819 -867.53952 -535.92641 -4.05390 
Xopt: 1.84774 -2.07571 1.09934 0.40350 0.78036 -1.33425 -0.91849 3.87873 3.03346 3.52999 
Fopt: 0.0
F(Xopt): 0.0
