Fitness: -24.561373036735027
Objective: 24.561373036735027
Individual: -4.35331 -3.82440 3.99597 -4.08173 3.75981 -3.54938 -2.32802 -3.21507 -2.90843 4.60370 
Gradient: -142.01945 717.73733 268.37005 -717.20845 -452.05482 -1257.04884 1110.53270 -265.33020 612.27817 -2421.65865 
Xopt: 1.84703 -0.71935 -2.33828 -1.33826 3.74205 -3.95106 3.70964 3.51892 3.57756 3.49666 
Fopt: 0.0
F(Xopt): 0.0
