Fitness: -86.9163249223966
Objective: 37.1863249223966
Individual: -2.69052 0.69400 -0.17015 2.70789 -0.21344 1.73978 0.89310 2.87439 -1.82222 1.44137 
Gradient: -4.08906 -3.56996 -3.57224 -10.18733 -2.29566 2.06381 12.17467 3.64373 5.07207 -1.51772 
Xopt: 1.84559 1.99336 -1.21352 3.17822 1.66542 -1.18468 -3.03411 2.79930 -3.33424 3.42998 
Fopt: 49.73
F(Xopt): 49.73
