Fitness: -66.0066161282177
Objective: 35.016616128217706
Individual: -0.45844 2.98373 1.43848 0.13134 0.28487 2.88376 -0.28950 1.61251 -0.22088 0.92779 
Gradient: -3.88993 0.32632 -0.93916 -1.16912 -7.16398 6.05392 -1.87277 1.36196 -1.69624 -6.71244 
Xopt: 1.84129 2.13149 2.16075 0.72766 3.43553 -0.88554 0.73464 0.64045 -0.06965 3.22997 
Fopt: 30.99
F(Xopt): 30.99
