Fitness: -122.20805974293633
Objective: 60.078059742936325
Individual: 4.06153 3.43291 0.87598 -0.35228 0.34604 -1.33401 -0.45030 -0.05580 1.39039 0.24692 
Gradient: 4.39584 -0.10423 0.86483 -9.44917 -0.99020 -5.07006 1.51483 5.00340 3.40667 -2.81904 
Xopt: 1.84918 3.21158 -0.02542 3.88702 2.85699 3.89937 -2.17474 -3.40165 1.94526 3.59667 
Fopt: 62.13
F(Xopt): 62.13
