Fitness: -105.5543870306278
Objective: 38.12438703062779
Individual: -0.06057 -0.14346 -3.53954 0.99311 3.58857 -2.81157 -0.77896 2.47888 0.53675 1.20031 
Gradient: -0.93742 0.87584 -3.38282 4.30631 -0.27942 1.39985 -9.12599 2.56980 -4.40113 -5.52267 
Xopt: 1.84703 -0.71935 -2.33828 -1.33826 3.74205 -3.95106 3.70964 3.51892 3.57756 3.49666 
Fopt: 67.43
F(Xopt): 67.43
