Fitness: 36.252936316388514
Objective: 29.187063683611484
Individual: 2.51566 -0.16555 -3.00423 2.33252 2.69651 -1.31793 -0.29498 1.82338 0.44490 2.06394 
Gradient: 1.20139 -0.42626 -1.87206 -0.12051 4.96462 -5.38004 6.80548 0.89296 2.01255 -3.62935 
Xopt: 1.84201 0.77513 -2.40163 2.46942 0.47384 1.73127 -3.89349 1.00026 -0.61375 3.26330 
Fopt: -65.44
F(Xopt): -65.44
