Fitness: -97.72557725385974
Objective: 68.40557725385975
Individual: 0.05230 0.33442 1.34525 3.33195 1.39489 -2.59040 0.19749 2.14615 -0.71389 2.59900 
Gradient: 0.14115 -1.14502 -6.24520 10.59669 6.65253 -6.98682 4.49783 -0.49168 3.21876 -2.37529 
Xopt: 1.84631 0.63700 2.22410 -3.08002 -1.29627 1.43213 0.33776 3.15911 -3.87834 3.46332 
Fopt: 29.32
F(Xopt): 29.32
