Fitness: 121.39968118816802
Objective: 17.470318811831987
Individual: 1.98158 -3.99697 -1.64187 -2.11772 4.28142 2.69968 -0.66170 2.55669 0.18582 1.23201 
Gradient: 1.38096 -2.64268 1.01190 -2.50453 2.32623 1.38249 3.88621 -2.47732 0.73116 -1.51095 
Xopt: 1.84416 -3.29393 -0.08876 -0.30530 -0.41121 1.58170 -1.77786 2.07969 -2.24604 3.36331 
Fopt: -138.87
F(Xopt): -138.87
