Fitness: -26.697057485016906
Objective: 38.777057485016904
Individual: 2.01794 -0.15383 -0.66991 2.33103 2.51015 2.58849 4.42446 -0.38574 0.21193 2.41044 
Gradient: -2.44984 2.11448 0.83647 0.07438 2.79899 -0.25774 2.96603 3.06158 -0.79043 -4.01066 
Xopt: 1.84846 -3.43206 -3.46304 2.14526 -2.18132 1.28256 2.45339 -3.76146 2.48936 3.56333 
Fopt: -12.08
F(Xopt): -12.08
