Fitness: 26.677530673684444
Objective: 77.28246932631555
Individual: 2.28145 -3.18461 -0.80856 1.40202 -4.57965 -2.72475 -0.00998 -3.22419 -2.02042 4.18078 
Gradient: -0.73998 -12.13659 -5.90715 -4.29290 -1.72019 9.59524 -4.09111 -1.27246 1.29053 -0.16248 
Xopt: 1.84488 3.34971 3.34886 1.43646 -3.37290 -3.80149 1.59401 2.43950 -2.79014 3.39665 
Fopt: -103.96
F(Xopt): -103.96
