Fitness: -117.9474815041111
Objective: 57.307481504111095
Individual: -1.03777 -4.34254 -1.41413 -1.71385 0.87942 1.90895 -3.19255 -0.12044 1.29405 2.37538 
Gradient: -4.48421 -2.49551 -4.77909 -1.80763 2.09782 5.98540 -7.58212 -11.17823 -9.08999 1.82758 
Xopt: 1.84774 -2.07571 1.09934 0.40350 0.78036 -1.33425 -0.91849 3.87873 3.03346 3.52999 
Fopt: 60.64
F(Xopt): 60.64
