Fitness: -968477.4061195912
Objective: 968427.5161195912
Individual: -1.04494 -3.02657 -1.10855 -1.30890 2.81906 2.03799 -0.62885 3.43926 -1.06527 3.59500 2.59675 0.33513 -0.38002 -2.31889 0.87755 2.14475 2.80350 1.92571 0.29028 0.10676 1.78418 -0.75427 -2.78579 -2.44451 0.57809 
Gradient: 148451.13306 211212.06076 277876.48775 138409.80751 248717.19954 19188.63514 -9760.96458 -737.58091 208597.71297 -75493.49435 136815.36407 -11329.70746 -174879.05044 -124637.41383 309465.86476 58515.26346 -39239.75108 14137.65305 -46464.52166 -274220.91826 286446.10661 396141.59721 123025.83402 144764.93225 49705.93714 
Xopt: 1.84846 -3.43206 -3.46304 2.14526 -2.18132 1.28256 2.45339 -3.76146 2.48936 3.56333 -2.77813 3.28221 3.99317 0.31994 3.82010 -2.73250 0.39271 -3.25163 -0.45288 -0.69710 -1.70802 -2.64610 -0.10034 3.54535 3.12488 
Fopt: 49.89
F(Xopt): 49.89
