Fitness: -628088.14720742
Objective: 628317.5872074199
Individual: 3.14086 1.47041 0.78701 0.63685 0.27697 -0.95607 -1.71537 1.24224 -0.26671 2.17335 1.20135 3.23388 2.45968 1.63658 -2.08707 -0.52377 0.86365 1.13049 -0.66880 0.88981 -1.99755 -0.14366 -1.23123 -1.99722 -0.92403 
Gradient: 1062.19957 -17034.32516 -36467.16952 87829.06462 -67910.69519 49369.41379 60028.13297 230369.53841 302017.11789 -196649.52737 -81582.56202 -95084.49830 -14844.08851 -61007.27424 -209792.22318 137710.03310 228638.80478 177836.19403 193928.54865 -157875.84058 118898.53378 189342.08271 112254.67214 49233.08948 109026.26671 
Xopt: 1.84559 1.99336 -1.21352 3.17822 1.66542 -1.18468 -3.03411 2.79930 -3.33424 3.42998 1.13292 2.27808 0.71174 -0.21620 -1.96463 -0.93893 2.16557 -2.24042 -1.49589 2.93331 -3.17281 -0.47026 0.18074 -3.17519 0.77887 
Fopt: -229.44
F(Xopt): -229.44
