Fitness: -1297345.9701724101
Objective: 1296345.9701724101
Individual: 4.69872 -1.59070 3.55261 2.31258 4.20548 -0.05930 2.64976 0.10578 1.80837 -0.96110 -0.80594 1.95763 0.25087 -1.23729 -1.06907 -0.50180 -1.23384 1.62012 -2.30387 -2.74141 3.56185 -0.70669 -0.16306 1.34932 -1.13251 
Gradient: 49486.89510 -124185.08938 -101196.37995 -68895.30915 -49565.49282 26005.52380 177453.51196 -44934.60396 8376.41572 103153.52661 -94416.96686 177236.88725 -11814.21050 132216.34031 -168888.11050 -42435.42029 14414.63910 -355199.00245 -55084.25178 -194365.82520 -1231.10792 27995.30710 -16136.19274 127198.89642 -91212.39829 
Xopt: 1.84774 -2.07571 1.09934 0.40350 0.78036 -1.33425 -0.91849 3.87873 3.03346 3.52999 -1.80037 -2.96882 -2.82719 -3.81410 0.37392 3.71589 -3.16407 1.00117 -0.71363 2.21050 3.92578 -0.10214 1.96993 1.86522 2.53838 
Fopt: 1000.0
F(Xopt): 1000.0
