Fitness: -2497029.9176576748
Objective: 2496029.9176576748
Individual: -0.23495 -2.04893 -1.65372 2.09082 0.15587 -2.63824 -0.87456 -0.26697 0.90445 2.87329 -2.15537 -2.14523 0.98100 0.93798 2.14273 1.06697 -0.00349 1.04851 -0.21407 -2.52177 0.19794 0.99347 -2.25016 3.55489 3.23991 
Gradient: -236331.17927 51111.96137 -10996.79640 12184.55789 118725.73880 718139.44687 -305105.29101 -273540.84627 14847.02949 -171378.17813 -375272.89498 -361613.08545 52748.21449 -74421.67018 -15033.24808 -144982.90045 -423378.25789 139489.67361 188851.57972 276639.90672 203121.85730 -520854.90915 -91862.57517 -596245.44764 251190.96796 
Xopt: 1.84703 -0.71935 -2.33828 -1.33826 3.74205 -3.95106 3.70964 3.51892 3.57756 3.49666 -0.82261 -1.21986 -1.64754 0.05187 -3.07226 2.16429 1.27914 -2.74602 -0.97438 -2.88190 1.55958 2.44182 -3.95980 0.18508 1.95188 
Fopt: 1000.0
F(Xopt): 1000.0
