Fitness: -3153954.535328671
Objective: 3153661.695328671
Individual: 1.48696 0.79310 -2.59484 1.98236 -3.57206 2.10089 0.17511 -0.53465 -1.05005 1.31899 0.56207 -3.23818 -0.06556 0.99445 0.28627 0.67015 0.47378 -1.43691 -0.43604 1.90143 0.64107 1.10707 -0.00734 -0.19031 1.71042 
Gradient: -560955.85712 -78541.10342 75757.06485 -46512.92336 42163.21439 424391.92510 -596237.41531 -407242.49210 324719.70625 390792.02844 -639189.76361 288634.72092 180111.85761 167391.88444 181292.25628 345463.64151 -36133.19712 -337043.79895 -42916.49876 -278651.19082 -229356.99880 -258050.89278 169496.44664 -341016.15486 -28279.55094 
Xopt: 1.84488 3.34971 3.34886 1.43646 -3.37290 -3.80149 1.59401 2.43950 -2.79014 3.39665 2.11068 -3.97295 1.89139 3.64976 2.58919 -2.49054 -1.39121 2.01239 -1.75664 -2.15909 2.46099 2.07370 2.25101 3.14468 0.19237 
Fopt: 292.84
F(Xopt): 292.84
