Fitness: -859179.8451187706
Objective: 859108.9751187706
Individual: 0.94504 -4.62748 3.72296 -3.71123 0.76478 -1.77482 -2.62196 -1.37439 -0.58253 1.32410 0.35675 4.45550 0.16697 -1.74747 -0.44993 4.36253 2.60130 -2.57167 3.72205 -0.78539 1.04891 -3.89567 0.08895 3.23011 -2.11294 
Gradient: 3148.29280 36655.44433 -372.40684 -21636.61925 -185890.12117 -71550.85152 61826.73704 25687.19746 37546.35727 40713.21911 18606.32482 85278.86485 108833.75228 -165738.51758 13243.11502 92868.90195 87327.57338 83280.98297 58493.55765 36117.34653 259903.14262 67402.36135 -65717.63045 -22238.09157 155338.97394 
Xopt: 1.84201 0.77513 -2.40163 2.46942 0.47384 1.73127 -3.89349 1.00026 -0.61375 3.26330 -1.97827 3.02291 -1.39004 3.11362 -3.19553 -0.69697 0.38165 3.02360 -2.79966 1.47132 0.99620 -3.75046 2.53209 -3.57587 -2.15363 
Fopt: 70.87
F(Xopt): 70.87
