Fitness: -444406.2578408083
Objective: 444332.8578408083
Individual: 4.06395 1.99622 -2.43510 4.11015 0.08673 1.27645 -0.42222 -1.24903 -2.19907 1.59840 2.46806 -1.13808 1.88421 -3.40817 0.06418 2.77269 1.25567 -0.16828 1.31278 2.33520 -1.56920 -0.76686 -0.08465 1.71416 -0.04623 
Gradient: 2154.42066 53550.34429 23098.14885 79521.83093 -8433.26356 -31059.56519 95068.78243 -34704.42460 -37893.52782 -46544.39858 24148.52372 16616.91859 51255.62067 -3491.30071 -427.16395 -15163.18270 9903.98466 -51414.21938 65977.29515 -11317.16866 4575.39037 2590.29245 -112124.95524 14750.51357 -46783.98322 
Xopt: 1.84416 -3.29393 -0.08876 -0.30530 -0.41121 1.58170 -1.77786 2.07969 -2.24604 3.36331 3.08845 -2.22399 3.07103 -0.48428 -0.85699 3.95786 3.05201 -1.73481 -2.01740 0.74851 0.09479 -3.38234 -3.67872 1.46454 -0.39413 
Fopt: 73.4
F(Xopt): 73.4
