Fitness: -602131.0397397275
Objective: 602148.7797397275
Individual: -2.12123 2.70500 -0.92256 0.09505 -1.63795 -0.28357 2.25766 0.34975 -1.75444 -1.71079 0.45611 2.70853 0.98567 0.04744 0.86740 1.67685 0.23700 -0.70592 0.54163 -0.57267 0.15289 1.43376 0.08556 0.33565 1.45545 
Gradient: 82486.91840 13034.14613 -23957.58636 -15836.16847 61964.08060 41963.03269 60271.26517 -23037.66400 -70143.89437 -79213.91128 -11141.90486 83665.17827 55005.69847 -84774.16068 93260.37436 151845.44087 47398.60040 -67876.86171 69438.60894 -21654.78177 15991.87963 -59524.74218 60306.57828 -4632.72494 -86525.00346 
Xopt: 1.84129 2.13149 2.16075 0.72766 3.43553 -0.88554 0.73464 0.64045 -0.06965 3.22997 -1.00050 -3.22812 -0.21040 -1.02042 1.35829 -2.24858 -3.17513 -0.72359 -3.06041 -3.62107 -1.37000 -1.20650 -3.39764 2.74400 -2.74013 
Fopt: -17.74
F(Xopt): -17.74
