Fitness: -777710.8056997114
Objective: 777624.0856997115
Individual: 3.44463 -0.56516 0.80771 -1.61387 -0.82129 1.79343 -2.20507 2.39037 -0.70375 2.47956 0.96020 -0.84936 3.06670 -0.22508 0.54695 -0.80300 -1.39762 -0.39928 0.02105 0.67825 -1.30615 -1.95275 1.30762 -1.54322 -0.76331 
Gradient: -175520.43363 -100639.04396 -104502.88600 391679.76048 -88059.22306 -65741.06106 12676.83390 20433.64812 35392.20152 -71557.21584 -12075.21683 12666.82419 204751.09756 87426.45649 47967.17756 18168.03692 -53000.92321 -370202.39395 77336.63483 -22236.42350 271351.92084 121546.77263 99223.61638 -62785.13448 171019.93312 
Xopt: 1.84631 0.63700 2.22410 -3.08002 -1.29627 1.43213 0.33776 3.15911 -3.87834 3.46332 0.15516 0.52911 -0.46790 3.91783 1.48156 0.61268 -2.27764 1.50678 -1.23514 0.02570 -0.80661 -3.01422 -1.88953 -1.49505 1.36537 
Fopt: 86.72
F(Xopt): 86.72
