Fitness: -2289368.9602249074
Objective: 2289598.1902249074
Individual: 0.09366 1.44297 -1.20040 1.02163 -0.50288 -0.64019 0.10482 -1.89476 -1.30004 0.16541 -1.51260 2.73683 2.35595 0.19917 0.79038 2.59452 -0.66112 -0.45004 2.72686 -3.03995 -0.98073 -2.63324 0.61185 -0.08579 0.82222 
Gradient: 555.93958 236939.13796 206419.17538 -163990.03082 -121048.73280 -267442.62128 182953.57564 326365.70090 161399.18427 -39899.71989 -101517.09995 -94354.66006 126872.92812 225300.90042 129353.97187 407585.59588 -33405.10264 201173.59382 -151819.56181 -331580.06349 43222.00877 -293074.37060 -31218.92306 -196802.17010 240238.97473 
Xopt: 1.84918 3.21158 -0.02542 3.88702 2.85699 3.89937 -2.17474 -3.40165 1.94526 3.59667 -3.75589 1.53324 2.81353 -3.54602 -0.73372 -1.18089 3.94949 0.49556 -0.19212 -3.60471 0.65818 2.80994 -2.17061 -2.77451 3.71138 
Fopt: -229.23
F(Xopt): -229.23
