Fitness: -114.25622470696436
Objective: 84.93622470696437
Individual: -1.82814 2.91641 -1.63969 0.56526 -1.42262 -1.28509 -1.67611 -1.06924 -0.22665 2.17951 
Gradient: 27.44345 30.29518 -33.30604 21.70484 -3.63020 6.08148 5.06710 -0.04947 5.56245 29.14011 
Xopt: 1.84631 0.63700 2.22410 -3.08002 -1.29627 1.43213 0.33776 3.15911 -3.87834 3.46332 
Fopt: 29.32
F(Xopt): 29.32
