Fitness: -145.98784339644456
Objective: 83.85784339644457
Individual: -3.07720 0.87389 2.70945 1.40342 1.20229 1.85975 1.49384 1.27241 1.93711 0.09470 
Gradient: 40.64931 -93.32761 -60.29503 -94.52764 176.01257 0.00007 169.41287 -9.94733 -14.17885 49.54841 
Xopt: 1.84918 3.21158 -0.02542 3.88702 2.85699 3.89937 -2.17474 -3.40165 1.94526 3.59667 
Fopt: 62.13
F(Xopt): 62.13
