Fitness: 86.3023937288011
Objective: 17.657606271198887
Individual: 1.40652 2.06384 3.78204 0.79358 -4.73172 -3.31901 0.86625 2.69320 0.88135 1.92014 
Gradient: -65.95885 -36.37938 3.12501 -20.56142 41.68425 16.31782 1.99645 7.90903 -31.99128 -75.14755 
Xopt: 1.84488 3.34971 3.34886 1.43646 -3.37290 -3.80149 1.59401 2.43950 -2.79014 3.39665 
Fopt: -103.96
F(Xopt): -103.96
