Fitness: -123.63232724351695
Objective: 73.90232724351696
Individual: 2.49735 0.36645 -0.49701 -0.84955 -2.56886 1.34737 -2.90691 2.41940 -0.38887 -1.56735 
Gradient: 1.34092 -32.72994 37.17326 44.53665 -44.39995 61.83780 -51.90213 -11.68841 0.71324 18.64633 
Xopt: 1.84559 1.99336 -1.21352 3.17822 1.66542 -1.18468 -3.03411 2.79930 -3.33424 3.42998 
Fopt: 49.73
F(Xopt): 49.73
