Fitness: 115.80120672008518
Objective: 23.06879327991483
Individual: 4.51687 -1.63290 1.53845 1.16281 -1.07714 2.42806 -3.02472 2.64894 -0.02634 2.11738 
Gradient: 10.67393 20.87508 -2.09460 15.30576 9.87234 -8.37545 8.13953 0.08495 -4.16417 0.70744 
Xopt: 1.84416 -3.29393 -0.08876 -0.30530 -0.41121 1.58170 -1.77786 2.07969 -2.24604 3.36331 
Fopt: -138.87
F(Xopt): -138.87
