Fitness: -2.4633749082860663
Objective: 2.4633749082860663
Individual: 3.71512 1.22110 2.82652 -1.22031 1.53528 2.01664 -1.89212 -1.11462 2.57741 0.17317 
Gradient: 216.32734 388.44056 -501.61188 515.18649 250.20927 274.11636 863.37263 1000.38962 163.62718 -378.83385 
Xopt: 1.84488 3.34971 3.34886 1.43646 -3.37290 -3.80149 1.59401 2.43950 -2.79014 3.39665 
Fopt: 0.0
F(Xopt): 0.0
