Fitness: -7.075920500444419
Objective: 7.075920500444419
Individual: -2.56233 -2.28484 2.13928 0.57342 4.55799 -1.79414 0.49721 -2.23509 -0.49350 -3.28849 
Gradient: 736.47260 -1694.89094 166.32968 -22.64163 108.14970 1437.50633 -700.62987 680.59424 516.91645 -993.83064 
Xopt: 1.84129 2.13149 2.16075 0.72766 3.43553 -0.88554 0.73464 0.64045 -0.06965 3.22997 
Fopt: 0.0
F(Xopt): 0.0
