Fitness: -6.262339729352786
Objective: 6.262339729352786
Individual: 4.70045 2.46356 -1.71045 -0.86621 4.91338 -3.62446 -4.22529 -0.84727 1.32519 2.14883 
Gradient: 2113.22686 1099.62350 -3695.11368 -261.34006 314.20737 -655.17833 -752.28057 -1031.68680 3391.92403 3457.01077 
Xopt: 1.84416 -3.29393 -0.08876 -0.30530 -0.41121 1.58170 -1.77786 2.07969 -2.24604 3.36331 
Fopt: 0.0
F(Xopt): 0.0
