Fitness: -5.405326830309023
Objective: 5.405326830309023
Individual: 2.50672 1.67769 1.65710 3.33848 4.76042 3.99009 1.51566 2.49663 2.22258 -3.31371 
Gradient: 163.83025 -288.90131 926.67703 -674.19447 7.98433 327.27442 -471.87185 -1260.89736 -551.70517 712.73291 
Xopt: 1.84846 -3.43206 -3.46304 2.14526 -2.18132 1.28256 2.45339 -3.76146 2.48936 3.56333 
Fopt: 0.0
F(Xopt): 0.0
