Fitness: 255.77295641462956
Objective: 0.9870435853704294
Individual: -2.10464 0.29609 1.86384 0.29872 0.53666 0.58853 0.80529 2.42889 -2.02374 -2.12541 
Gradient: 0.00097 -0.00186 -0.00556 -0.01286 -0.01423 0.00000 0.00838 -0.05302 -0.00001 -0.02924 
Xopt: -2.10484 -2.10484 2.10484 -2.10484 2.10484 2.10484 2.10484 2.10484 -2.10484 -2.10484 
Fopt: -256.76
F(Xopt): -256.76
