Fitness: -238.5883267101928
Objective: 0.9483267101928163
Individual: 1.51273 -0.17380 2.67698 1.95410 -1.07713 2.36196 -0.36082 1.06499 -1.06471 2.36494 
Gradient: 0.00083 0.01121 -0.00010 -0.16780 -0.00008 -0.00087 0.00702 0.09653 0.00159 0.00690 
Xopt: -2.10484 2.10484 2.10484 2.10484 -2.10484 2.10484 -2.10484 2.10484 -2.10484 2.10484 
Fopt: 237.64
F(Xopt): 237.64
