Fitness: 55.27922852956858
Objective: 0.7107714704314247
Individual: -2.10342 -2.10659 -2.10310 2.10701 -1.03858 2.37264 -0.35868 1.06434 1.06484 -2.36509 
Gradient: 0.00987 -0.01262 0.01262 0.03495 -0.00000 0.04294 -0.00000 0.02383 0.00000 -0.02504 
Xopt: -2.10484 -2.10484 -2.10484 2.10484 -2.10484 2.10484 -2.10484 2.10484 2.10484 -2.10484 
Fopt: -55.99
F(Xopt): -55.99
