Fitness: -290.64937175739044
Objective: 0.8093717573904655
Individual: 2.10519 -2.10456 0.69567 0.33977 2.54648 1.42106 -0.59644 1.00531 1.07942 2.36121 
Gradient: 0.00281 0.00137 -0.00132 -0.01155 0.00456 -0.02628 -0.00000 0.04514 -0.02003 0.00117 
Xopt: 2.10484 -2.10484 -2.10484 2.10484 2.10484 2.10484 -2.10484 2.10484 2.10484 2.10484 
Fopt: 289.84
F(Xopt): 289.84
