Fitness: -87.88417518607764
Objective: 1.4941751860776407
Individual: 1.02079 -0.81127 0.04558 -1.84484 -0.59179 2.77877 -1.43247 2.27269 -1.42471 -2.27418 
Gradient: 0.00433 0.00008 0.02569 0.46266 1.12362 -0.00751 0.00002 -0.00483 -0.02227 0.07023 
Xopt: 2.10484 2.10484 2.10484 -2.10484 2.10484 2.10484 -2.10484 2.10484 -2.10484 -2.10484 
Fopt: 86.39
F(Xopt): 86.39
