Fitness: 88.5658022926521
Objective: 0.45419770734790177
Individual: 1.01890 -0.80622 2.83125 -1.92455 -2.14720 2.09474 2.10708 2.10518 -0.80447 -2.43036 
Gradient: -0.00001 0.00134 -0.01582 -0.00941 0.07184 0.01416 0.00001 0.04947 0.00818 -0.04237 
Xopt: 2.10484 2.10484 2.10484 -2.10484 -2.10484 2.10484 2.10484 2.10484 -2.10484 -2.10484 
Fopt: -89.02
F(Xopt): -89.02
