Fitness: 52.912427122578194
Objective: 0.9475728774218055
Individual: 1.51223 1.44466 0.53071 0.29945 0.38682 -2.53448 0.31814 2.55197 -1.99252 2.13291 
Gradient: -0.00147 -0.00901 -0.00604 0.00049 -0.02023 -0.00228 -0.00302 0.01665 0.04320 -0.00194 
Xopt: -2.10484 2.10484 -2.10484 2.10484 2.10484 -2.10484 2.10484 2.10484 -2.10484 2.10484 
Fopt: -53.86
F(Xopt): -53.86
