Fitness: -58.52041900215175
Objective: 0.9404190021517493
Individual: 2.50292 0.08618 2.57086 -1.14925 -2.26704 -2.06451 0.43546 2.52247 -2.00007 2.13110 
Gradient: 0.14891 0.00271 0.00002 2.55870 0.01003 -0.00341 -0.01364 0.01019 0.02677 0.00654 
Xopt: -2.10484 2.10484 2.10484 2.10484 -2.10484 -2.10484 2.10484 2.10484 -2.10484 2.10484 
Fopt: 57.58
F(Xopt): 57.58
