Fitness: -55.949708170272075
Objective: 0.8697081702720766
Individual: -0.62371 2.78676 -1.09396 -2.35690 2.04238 2.11894 -0.42576 1.04436 1.07321 -2.36110 
Gradient: 0.00382 -0.00180 -0.00085 0.01070 0.00170 -0.01380 -0.12274 -0.10550 0.21663 0.16698 
Xopt: 2.10484 2.10484 -2.10484 -2.10484 2.10484 2.10484 -2.10484 2.10484 2.10484 -2.10484 
Fopt: 55.08
F(Xopt): 55.08
