Fitness: -93.51780392896653
Objective: 0.9278039289665259
Individual: 1.51229 -0.17504 -0.12522 -1.92250 0.01778 0.72680 -2.44974 0.54078 2.49596 2.00674 
Gradient: 0.00011 -0.01046 0.01345 -0.00000 -0.00706 -0.01327 -0.01237 -0.02088 0.00001 -0.03223 
Xopt: -2.10484 2.10484 2.10484 -2.10484 -2.10484 2.10484 -2.10484 2.10484 2.10484 2.10484 
Fopt: 92.59
F(Xopt): 92.59
