Fitness: -1.626785021454303E8
Objective: 1.626775021454303E8
Individual: 2.78299 -1.79140 0.24526 -0.03352 1.72111 -3.44753 2.62649 0.28388 0.40556 -1.68689 0.35500 -0.21826 -1.72041 1.56546 -0.49224 -1.81419 -2.35967 -2.02490 -0.59380 0.12810 0.41637 0.68209 -0.54153 -0.62156 1.70113 
Gradient: 12775472.42122 -1873386.93327 9445975.03867 -8817718.00754 867608.57649 5631298.51354 -17485381.95223 -563158.86898 -3119953.17228 -12209521.19164 10900563.41943 14407616.57877 -644542.82509 -3642290.42534 6070809.50147 -17164786.91278 -17056853.80009 18297224.44250 11313116.92323 9871310.66060 -13764118.31932 1967714.33921 20252814.37319 -8861808.23505 -7051252.73324 
Xopt: 1.84703 -0.71935 -2.33828 -1.33826 3.74205 -3.95106 3.70964 3.51892 3.57756 3.49666 -0.82261 -1.21986 -1.64754 0.05187 -3.07226 2.16429 1.27914 -2.74602 -0.97438 -2.88190 1.55958 2.44182 -3.95980 0.18508 1.95188 
Fopt: 1000.0
F(Xopt): 1000.0
