Fitness: -1.7069816768359616E8
Objective: 1.7069811779359618E8
Individual: 2.71638 -3.00350 -3.16871 4.40972 -4.85996 1.77616 0.15460 1.81210 1.64021 1.91062 1.58061 -0.68057 0.54590 3.33436 -0.59462 -1.49965 2.88725 -2.03911 0.16759 0.82905 -1.37626 -2.96943 0.54810 1.18919 2.16966 
Gradient: -1880057.55682 2372649.28909 -1084423.49253 574899.68189 -8404446.03145 -7405274.36089 -1523809.33753 17616369.08190 -5977494.66777 6986722.44381 13001309.90482 -10808798.10324 -10528944.33710 10393601.86744 -17968345.08323 2571797.58347 5475847.77682 12480235.30156 6432239.63168 5829313.36700 9197402.35943 7238910.48627 -10582398.42725 -8069286.02950 -9388227.92221 
Xopt: 1.84846 -3.43206 -3.46304 2.14526 -2.18132 1.28256 2.45339 -3.76146 2.48936 3.56333 -2.77813 3.28221 3.99317 0.31994 3.82010 -2.73250 0.39271 -3.25163 -0.45288 -0.69710 -1.70802 -2.64610 -0.10034 3.54535 3.12488 
Fopt: 49.89
F(Xopt): 49.89
