Fitness: -1.2610912258840051E8
Objective: 1.2610882974840051E8
Individual: -1.14302 2.23630 2.70691 1.35270 -2.25787 -3.32321 1.62398 4.15276 0.05746 -0.26065 -0.19918 -2.55436 -1.32344 2.77570 1.66726 -1.07388 -1.53202 1.73148 0.04269 -0.46067 0.26511 -0.75028 -0.25652 -0.06281 1.18600 
Gradient: -6937885.01931 -6500769.73131 -1849008.89863 7875436.19099 551311.27612 762128.67222 -5665977.46132 -835449.77982 4507695.77450 -14843584.64340 -7829737.94246 4118300.99858 -7977284.68477 -2220457.26277 -7763106.69619 11820589.48927 5665320.21057 2454285.50430 4188874.81313 1035139.98201 -10448639.16746 -19333051.78247 -6047927.11027 -21346211.54923 6757292.65124 
Xopt: 1.84488 3.34971 3.34886 1.43646 -3.37290 -3.80149 1.59401 2.43950 -2.79014 3.39665 2.11068 -3.97295 1.89139 3.64976 2.58919 -2.49054 -1.39121 2.01239 -1.75664 -2.15909 2.46099 2.07370 2.25101 3.14468 0.19237 
Fopt: 292.84
F(Xopt): 292.84
