Fitness: -1.4522857829834086E8
Objective: 1.4522859603834087E8
Individual: -1.79751 2.73290 -0.86739 2.91297 1.23316 -1.53200 -1.78691 4.21807 1.21852 2.11709 -1.89208 -0.78900 -0.08335 -0.93068 1.20509 -1.98404 0.99198 0.44962 -1.10671 -1.20332 -0.07250 -1.09660 0.58210 0.90762 -0.52114 
Gradient: -6745242.43289 6225199.34779 -15919107.89063 4056507.86856 -4647370.79636 17912.76438 -8397811.25517 5621102.39831 -1910175.60146 -4974705.18739 -6015490.78387 11193722.20175 6238534.83583 6765450.96819 -10125446.60465 1267251.75209 13475228.02158 1857028.24509 7314302.22342 14156683.40177 6566381.88455 -4103736.84104 16532772.19673 -3304386.31061 3311729.06279 
Xopt: 1.84129 2.13149 2.16075 0.72766 3.43553 -0.88554 0.73464 0.64045 -0.06965 3.22997 -1.00050 -3.22812 -0.21040 -1.02042 1.35829 -2.24858 -3.17513 -0.72359 -3.06041 -3.62107 -1.37000 -1.20650 -3.39764 2.74400 -2.74013 
Fopt: -17.74
F(Xopt): -17.74
