Fitness: -7.465155528701772E7
Objective: 7.465148188701771E7
Individual: 2.54420 -3.91954 -2.43082 1.88724 -0.33894 1.56637 -1.95426 -1.10234 -1.39376 0.99419 2.57168 0.32835 1.77969 -2.49907 0.26661 2.09876 -0.10130 0.79282 -0.05859 1.35287 0.16893 -1.01897 -1.86586 0.40014 0.60261 
Gradient: 1916810.40177 564039.04408 -4348491.17099 3927321.23733 -504646.10125 1253301.73653 -591756.60203 -7695305.24088 2774994.53234 -4071460.01093 -419193.83794 5429788.60195 -972844.84863 -3908721.31712 -713445.03100 -3852248.20804 -6245893.15720 6344368.63633 4683749.79302 770367.34595 -831033.82250 5854968.10323 3469977.81143 -2670242.48066 3075609.62606 
Xopt: 1.84416 -3.29393 -0.08876 -0.30530 -0.41121 1.58170 -1.77786 2.07969 -2.24604 3.36331 3.08845 -2.22399 3.07103 -0.48428 -0.85699 3.95786 3.05201 -1.73481 -2.01740 0.74851 0.09479 -3.38234 -3.67872 1.46454 -0.39413 
Fopt: 73.4
F(Xopt): 73.4
