Fitness: -1.1999483816468559E8
Objective: 1.1999476729468559E8
Individual: 2.72387 -4.34665 -1.81451 1.19847 -2.79315 0.11905 -2.39456 -1.23302 2.43050 3.80819 -0.91491 4.57967 -1.98258 -1.98350 -0.85665 0.73655 1.05839 1.27108 -2.91790 2.04794 -1.04058 -2.74185 1.60969 -0.35761 -0.33244 
Gradient: 5884321.11797 -11530785.10919 239122.26172 -3985732.84744 -7782948.85950 -2953342.15856 710521.53366 -3612423.58569 3013673.86012 3788524.83960 491999.16995 5410790.39478 -5957505.64916 -10939854.14672 6151739.43715 4748441.42313 2882370.87536 -2537502.36564 4350640.52968 -1017931.50310 -8192303.85913 2368328.54254 -1102206.71937 5494156.38377 4207299.14732 
Xopt: 1.84201 0.77513 -2.40163 2.46942 0.47384 1.73127 -3.89349 1.00026 -0.61375 3.26330 -1.97827 3.02291 -1.39004 3.11362 -3.19553 -0.69697 0.38165 3.02360 -2.79966 1.47132 0.99620 -3.75046 2.53209 -3.57587 -2.15363 
Fopt: 70.87
F(Xopt): 70.87
