Fitness: -8.95783131416913E7
Objective: 8.95785425816913E7
Individual: 0.83435 0.79902 2.18154 3.41073 -1.70351 -2.55502 -1.74080 3.54820 1.22808 0.78986 -1.44836 2.41178 0.80452 -1.50713 -1.33996 -1.27626 1.33465 -1.25638 -0.62760 1.18877 -0.73675 1.16371 -2.78731 -1.28967 -0.83860 
Gradient: -2518755.92426 -2196652.98891 4146997.81323 -387388.89060 -10136275.54178 -5473618.64325 3571014.86727 -579954.64334 10311246.43043 -6164724.89301 -3287136.88805 1341162.46587 -2215901.62455 -832561.78610 2282328.79309 1943546.43641 -1247516.17797 2798278.74677 2732118.45198 -2555244.17105 3635097.38872 3475451.17385 -4776661.55883 4575453.38088 -3353201.55174 
Xopt: 1.84559 1.99336 -1.21352 3.17822 1.66542 -1.18468 -3.03411 2.79930 -3.33424 3.42998 1.13292 2.27808 0.71174 -0.21620 -1.96463 -0.93893 2.16557 -2.24042 -1.49589 2.93331 -3.17281 -0.47026 0.18074 -3.17519 0.77887 
Fopt: -229.44
F(Xopt): -229.44
