Fitness: -1.062400105337087E8
Objective: 1.0623992381370871E8
Individual: 2.93366 2.19689 1.90128 -2.38100 -0.36795 -1.54265 -0.19078 0.98383 0.36668 2.43093 -3.63696 -2.10086 -0.29982 0.66374 1.23573 0.02424 -2.72831 -1.06825 1.40459 -0.86201 0.88622 -1.05887 -0.31112 -0.17939 0.98402 
Gradient: 3156899.38870 3903157.92654 -1612420.25387 1745506.68454 5287917.96906 -6311163.47857 -1471824.44096 -4486322.07781 12531623.62741 -2651057.22163 -7946863.38720 -5945458.92736 2346965.52075 -9792806.49210 1090626.31780 816340.18907 2267659.85451 -9866869.73309 5727853.75759 -6529991.27120 2825558.92179 2508554.52170 1818406.50459 1753268.63415 -4153038.54354 
Xopt: 1.84631 0.63700 2.22410 -3.08002 -1.29627 1.43213 0.33776 3.15911 -3.87834 3.46332 0.15516 0.52911 -0.46790 3.91783 1.48156 0.61268 -2.27764 1.50678 -1.23514 0.02570 -0.80661 -3.01422 -1.88953 -1.49505 1.36537 
Fopt: 86.72
F(Xopt): 86.72
