Fitness: -1.474066045246132E8
Objective: 1.474056045246132E8
Individual: -2.77073 -0.41469 2.99176 -1.21438 -2.22496 2.50900 -0.44228 2.09576 3.30659 1.50169 2.19229 -3.12100 -1.30500 0.40333 1.22499 -0.03348 -1.56804 0.16171 0.27908 1.09529 0.21542 0.66475 3.00524 1.73345 1.54684 
Gradient: -9408135.44715 -3454684.11686 6915408.59143 2043481.24199 -12061628.86060 7226627.84107 1224726.44319 -9906472.07553 -9177412.65145 -6157317.74261 12385284.78188 -158371.40884 1930195.41515 11758461.17846 6089802.83462 -11308352.08364 3726455.27891 -2396913.01598 3386701.08960 -1337654.37835 -9503169.17275 2533240.58224 -2638568.97060 -3178159.42263 -2807441.65634 
Xopt: 1.84774 -2.07571 1.09934 0.40350 0.78036 -1.33425 -0.91849 3.87873 3.03346 3.52999 -1.80037 -2.96882 -2.82719 -3.81410 0.37392 3.71589 -3.16407 1.00117 -0.71363 2.21050 3.92578 -0.10214 1.96993 1.86522 2.53838 
Fopt: 1000.0
F(Xopt): 1000.0
