Fitness: -1.2557362012625103E8
Objective: 1.2557384935625103E8
Individual: 0.72461 0.18935 2.95618 0.63358 0.83752 2.50842 -1.41607 -1.75637 2.91475 2.16496 -0.80175 1.38693 0.95916 -0.37671 2.48182 1.63475 2.60611 1.35079 -1.05296 -1.19701 1.22818 2.67726 1.63244 0.35096 4.15518 
Gradient: -1406060.71907 -6756872.28958 5399914.58604 -7594504.81982 -6483838.07384 -4995881.57845 1268463.48725 5601349.28245 999454.65991 -4908041.56582 6473515.96222 -1607737.55136 -67314.69489 7800933.92637 8854080.22167 5111644.91825 -6140883.56315 2601362.74236 -1405129.81677 5507363.76594 1327047.32641 2257947.28853 9977871.91902 7326019.67655 -775323.55608 
Xopt: 1.84918 3.21158 -0.02542 3.88702 2.85699 3.89937 -2.17474 -3.40165 1.94526 3.59667 -3.75589 1.53324 2.81353 -3.54602 -0.73372 -1.18089 3.94949 0.49556 -0.19212 -3.60471 0.65818 2.80994 -2.17061 -2.77451 3.71138 
Fopt: -229.23
F(Xopt): -229.23
