Fitness: -95.38964240523559
Objective: 2.7996424052355877
Individual: 0.65944 -1.34220 0.55652 0.53605 1.69214 0.39866 0.61578 -1.47125 -1.46148 0.46041 
Gradient: 439.10987 -267.83948 262.48479 -130.38453 -4.01496 -785.12682 48.98698 -217.27953 899.63561 -441.31689 
Xopt: 0.00000 0.00000 0.00000 0.00000 0.00000 0.00000 0.00000 0.00000 0.00000 0.00000 
Fopt: 92.59
F(Xopt): 92.84037374271976
