Fitness: -58.36706088992765
Objective: 0.7870608899276519
Individual: -0.64396 -1.79382 0.11180 -0.37369 0.30544 1.00269 -0.19224 0.90340 0.33894 -0.96767 
Gradient: -18.54645 45.23324 18.47359 -53.78899 -81.77891 114.76273 -7.98477 0.00513 48.06274 -13.16033 
Xopt: 0.00000 0.00000 0.00000 0.00000 0.00000 0.00000 0.00000 0.00000 0.00000 0.00000 
Fopt: 57.58
F(Xopt): 57.830373742719765
