Fitness: -87.21035364185066
Objective: 0.8203536418506587
Individual: -1.07188 1.30877 -1.03066 -0.00832 -0.20310 -0.27960 2.04382 0.74213 0.60611 1.48065 
Gradient: 0.28513 -31.31890 -458.76140 -530.41694 -131.05766 30.32136 234.12041 -43.75899 34.50266 15.55914 
Xopt: 0.00000 0.00000 0.00000 0.00000 0.00000 0.00000 0.00000 0.00000 0.00000 0.00000 
Fopt: 86.39
F(Xopt): 86.64037374271976
