Fitness: 55.40810806244745
Objective: 0.5818919375525553
Individual: 1.97250 0.55075 -1.72652 -0.58692 -0.88285 -0.02219 -1.03561 -0.04044 -0.57572 -1.28520 
Gradient: 41.81306 0.22366 38.51804 62.58007 23.99926 -45.01153 -29.20769 -17.12588 -3.71420 13.66112 
Xopt: 0.00000 0.00000 0.00000 0.00000 0.00000 0.00000 0.00000 0.00000 0.00000 0.00000 
Fopt: -55.99
F(Xopt): -55.739626257280236
