Fitness: 52.295450070573104
Objective: 1.5645499294268959
Individual: -0.03025 0.64635 0.47373 0.05098 0.26370 2.51310 -0.06726 -1.11624 0.54207 0.34355 
Gradient: -16.64956 139.65819 91.96578 -145.63339 35.04041 216.83212 -3.60962 -140.06169 1.23779 120.91976 
Xopt: 0.00000 0.00000 0.00000 0.00000 0.00000 0.00000 0.00000 0.00000 0.00000 0.00000 
Fopt: -53.86
F(Xopt): -53.60962625728023
