Fitness: -238.48566732552842
Objective: 0.8456673255284386
Individual: 0.43366 -0.22198 -1.63818 -1.62368 -0.51122 0.34217 1.71892 -0.34354 0.64870 -0.20888 
Gradient: -9.40690 56.28130 -8.49089 80.23991 3.68329 -16.37897 -2.25383 41.67461 -45.79619 65.63245 
Xopt: 0.00000 0.00000 0.00000 0.00000 0.00000 0.00000 0.00000 0.00000 0.00000 0.00000 
Fopt: 237.64
F(Xopt): 237.89037374271976
