Fitness: 88.49634621736783
Objective: 0.5236537826321666
Individual: 0.75801 1.04282 -0.50725 -0.01148 0.39516 -0.03092 1.62051 -0.48114 -1.04648 -0.42066 
Gradient: 12.98850 38.48535 -35.81684 41.95484 8.65908 -7.59849 -25.60715 -0.00193 -20.98851 -8.52047 
Xopt: 0.00000 0.00000 0.00000 0.00000 0.00000 0.00000 0.00000 0.00000 0.00000 0.00000 
Fopt: -89.02
F(Xopt): -88.76962625728024
