Fitness: 254.206249185701
Objective: 2.5537508142989793
Individual: -0.82849 2.82478 -2.36780 0.68050 0.65999 0.15672 0.30129 1.69870 0.55489 -0.15750 
Gradient: 396.86466 19.39084 -271.24452 -352.57627 0.24926 363.42366 -242.27685 721.96147 9.62618 192.71553 
Xopt: 0.00000 0.00000 0.00000 0.00000 0.00000 0.00000 0.00000 0.00000 0.00000 0.00000 
Fopt: -256.76
F(Xopt): -256.5096262572802
