Fitness: -56.511627098624906
Objective: 1.431627098624908
Individual: 1.25558 -1.22815 0.27610 -0.64058 -1.11448 -0.22587 -0.61063 -0.17808 -0.14541 0.00462 
Gradient: 15.69769 253.78459 -133.24056 -401.43646 8.32844 -0.00820 -66.03983 -49.78265 -161.73194 -69.63033 
Xopt: 0.00000 0.00000 0.00000 0.00000 0.00000 0.00000 0.00000 0.00000 0.00000 0.00000 
Fopt: 55.08
F(Xopt): 55.330373742719765
