Fitness: -291.3872608587883
Objective: 1.54726085878832
Individual: -2.07643 0.35752 0.51787 -0.98280 0.44174 -0.77688 1.44241 2.16875 0.11448 1.09608 
Gradient: -170.84148 -402.68879 -236.31073 -782.73548 -202.97724 70.34168 -31.88973 -447.66332 0.00140 -684.99640 
Xopt: 0.00000 0.00000 0.00000 0.00000 0.00000 0.00000 0.00000 0.00000 0.00000 0.00000 
Fopt: 289.84
F(Xopt): 290.09037374271975
