Fitness: -61.62977398572939
Objective: 0.9897739857293928
Individual: 2.07427 -1.85347 0.96609 0.15149 0.54364 -1.13493 -1.14775 3.66424 3.47819 3.62891 
Gradient: -27.71924 473.87048 -374.10301 -494.76038 1559.47751 133.97089 -102.69766 -229.77060 0.18406 11.14526 
Xopt: 1.84774 -2.07571 1.09934 0.40350 0.78036 -1.33425 -0.91849 3.87873 3.03346 3.52999 
Fopt: 60.64
F(Xopt): 60.64
