Fitness: 138.72747775078017
Objective: 0.14252224921983725
Individual: 1.69272 -3.36531 0.89281 0.77043 -1.45512 0.73599 -1.50081 2.38401 -1.39694 3.68088 
Gradient: 268.53348 -88.08614 136.20364 -238.47808 -531.25841 323.31683 -0.14395 -26.51330 -115.64295 -9.12786 
Xopt: 1.84416 -3.29393 -0.08876 -0.30530 -0.41121 1.58170 -1.77786 2.07969 -2.24604 3.36331 
Fopt: -138.87
F(Xopt): -138.87
