Fitness: -30.497600634426888
Objective: 1.177600634426888
Individual: 3.65197 0.31911 0.63525 -1.74073 -2.12091 4.28324 0.95850 1.73479 -2.74919 0.57840 
Gradient: 991.36946 1368.11498 -330.34475 -1103.76550 1092.42295 -1016.50386 -260.12742 165.18125 929.35152 -390.13365 
Xopt: 1.84631 0.63700 2.22410 -3.08002 -1.29627 1.43213 0.33776 3.15911 -3.87834 3.46332 
Fopt: 29.32
F(Xopt): 29.32
