Fitness: -32.36543523447935
Objective: 1.375435234479351
Individual: 1.95136 1.68484 2.41142 0.94229 2.08522 -0.75513 2.07361 1.04020 0.46167 3.11222 
Gradient: -179.87854 -301.07218 1861.66520 -765.84427 120.11070 346.48012 -240.47955 -204.30979 261.04498 262.72945 
Xopt: 1.84129 2.13149 2.16075 0.72766 3.43553 -0.88554 0.73464 0.64045 -0.06965 3.22997 
Fopt: 30.99
F(Xopt): 30.99
