Fitness: 103.0421285494008
Objective: 0.9178714505991934
Individual: 1.82331 3.03844 3.29933 1.63285 -2.93485 -3.57424 1.23710 2.50396 -2.95610 3.46143 
Gradient: -3.93298 -983.34094 21.62729 -346.53338 4.49757 -121.81202 458.76037 -1460.60509 -84.09119 -148.22700 
Xopt: 1.84488 3.34971 3.34886 1.43646 -3.37290 -3.80149 1.59401 2.43950 -2.79014 3.39665 
Fopt: -103.96
F(Xopt): -103.96
