Fitness: -62.72300782805049
Objective: 0.5930078280504887
Individual: 2.42345 3.14588 0.05347 3.91017 2.86482 3.58652 -2.26937 -3.87004 2.24027 3.30308 
Gradient: 699.91233 -381.67411 147.25506 473.21018 178.13096 -32.39405 -110.63015 944.35156 -35.86712 233.42190 
Xopt: 1.84918 3.21158 -0.02542 3.88702 2.85699 3.89937 -2.17474 -3.40165 1.94526 3.59667 
Fopt: 62.13
F(Xopt): 62.13
