Fitness: 11.95686718391771
Objective: 0.12313281608228976
Individual: 2.04951 -3.42564 -3.33006 2.39996 -2.00915 1.24140 2.33400 -3.63490 2.67241 3.63182 
Gradient: -511.68788 106.08230 -2.36887 58.00535 199.15823 -104.91979 -322.21995 57.45937 15.79059 -2.85752 
Xopt: 1.84846 -3.43206 -3.46304 2.14526 -2.18132 1.28256 2.45339 -3.76146 2.48936 3.56333 
Fopt: -12.08
F(Xopt): -12.08
