Fitness: 64.46839171087242
Objective: 0.9716082891275732
Individual: 1.81000 0.41550 -2.44495 2.26601 0.32763 1.22418 -3.98021 0.16938 -0.96698 2.96428 
Gradient: 1555.72140 -248.37660 298.35829 108.94101 709.14679 -25.08451 181.73493 -23.53809 -192.49483 -59.68935 
Xopt: 1.84201 0.77513 -2.40163 2.46942 0.47384 1.73127 -3.89349 1.00026 -0.61375 3.26330 
Fopt: -65.44
F(Xopt): -65.44
