Fitness: -50.71759443643915
Objective: 0.9875944364391529
Individual: 0.88363 2.05318 -1.12916 3.96527 1.58918 -0.55934 -2.47124 2.72378 -2.08517 2.58696 
Gradient: 38.45888 -1395.32406 -342.73077 -677.88187 -32.08250 -444.75295 154.42235 -278.31514 623.85683 -119.52958 
Xopt: 1.84559 1.99336 -1.21352 3.17822 1.66542 -1.18468 -3.03411 2.79930 -3.33424 3.42998 
Fopt: 49.73
F(Xopt): 49.73
