Fitness: -67.90353574630338
Objective: 0.47353574630336936
Individual: 2.08163 -0.84138 -2.73282 -1.04176 3.20369 -3.42753 3.74863 4.55955 2.59797 3.38884 
Gradient: -480.21887 -571.50024 -398.71955 -10.02408 -137.42839 18.25848 276.62934 -718.62869 -457.84278 -555.36551 
Xopt: 1.84703 -0.71935 -2.33828 -1.33826 3.74205 -3.95106 3.70964 3.51892 3.57756 3.49666 
Fopt: 67.43
F(Xopt): 67.43
