Fitness: 30.23368756998208
Objective: 73.72631243001791
Individual: 3.29953 0.94000 3.14982 -1.51466 -1.35976 -1.12402 2.64325 -2.61980 0.50171 3.45501 
Gradient: 4565.09243 2311.25828 -68.32906 1382.14093 -3098.32686 -1141.58922 -218.43032 -720.24451 2652.91625 5047.44641 
Xopt: 1.84488 3.34971 3.34886 1.43646 -3.37290 -3.80149 1.59401 2.43950 -2.79014 3.39665 
Fopt: -103.96
F(Xopt): -103.96
