Fitness: 50.67728183414326
Objective: 88.19271816585675
Individual: 0.00000 -1.85258 0.00000 -1.03881 -2.95321 0.00000 2.16896 0.00000 0.64931 0.00000 
Gradient: NaN 5800.56348 NaN 3714.05274 3868.49687 NaN 3583.94990 NaN -2895.97003 NaN 
Xopt: 1.84416 -3.29393 -0.08876 -0.30530 -0.41121 1.58170 -1.77786 2.07969 -2.24604 3.36331 
Fopt: -138.87
F(Xopt): -138.87
