Fitness: -41.24306098944433
Objective: 53.32306098944433
Individual: 4.94102 -5.00000 0.66014 0.27767 -1.53543 -2.62825 1.29493 -4.09546 0.55538 4.01036 
Gradient: -39.55455 -129.91587 1136.46211 2670.56754 -37.26452 1264.00571 -4564.35730 810.40150 -313.00779 -701.19453 
Xopt: 1.84846 -3.43206 -3.46304 2.14526 -2.18132 1.28256 2.45339 -3.76146 2.48936 3.56333 
Fopt: -12.08
F(Xopt): -12.08
