Fitness: -126.81090279452806
Objective: 59.380902794528055
Individual: 1.24079 -4.63628 -4.85899 1.42370 3.05070 -3.64167 3.44722 4.29499 -1.21377 1.73343 
Gradient: 52.87127 -23.56946 -234.60621 304.47338 710.69844 -487.89472 -238.39353 410.07690 203.85644 76.25447 
Xopt: 1.84703 -0.71935 -2.33828 -1.33826 3.74205 -3.95106 3.70964 3.51892 3.57756 3.49666 
Fopt: 67.43
F(Xopt): 67.43
