Fitness: -61.827503674667774
Objective: 32.507503674667774
Individual: 3.33277 -0.05577 4.85962 -1.57004 -3.94997 -2.07354 0.00000 0.00000 -0.78485 4.79340 
Gradient: 1455.78316 1270.30283 -1087.34352 779.54668 -169.25131 261.14890 NaN NaN 103.23216 1515.05100 
Xopt: 1.84631 0.63700 2.22410 -3.08002 -1.29627 1.43213 0.33776 3.15911 -3.87834 3.46332 
Fopt: 29.32
F(Xopt): 29.32
