Fitness: -83.65575060121708
Objective: 52.665750601217084
Individual: -1.42321 0.31871 0.75288 -2.48293 -1.89033 -2.29797 -1.90978 -1.35154 -2.35581 -0.10288 
Gradient: 166.03481 -98.95710 92.31561 50.41602 -65.94305 -146.41035 451.91454 82.16080 200.18371 -592.84238 
Xopt: 1.84129 2.13149 2.16075 0.72766 3.43553 -0.88554 0.73464 0.64045 -0.06965 3.22997 
Fopt: 30.99
F(Xopt): 30.99
