Fitness: -219.85506154629894
Objective: 159.21506154629895
Individual: 4.39754 0.00000 -3.38407 4.55678 -4.60503 -2.89926 1.32217 0.00000 0.00000 -3.51125 
Gradient: -1125.88067 NaN -400.41252 -2323.91056 -1560.04388 900.34383 1633.17695 NaN NaN -2687.40316 
Xopt: 1.84774 -2.07571 1.09934 0.40350 0.78036 -1.33425 -0.91849 3.87873 3.03346 3.52999 
Fopt: 60.64
F(Xopt): 60.64
