Fitness: -106.74535679975187
Objective: 46.105356799751874
Individual: 4.74089 1.03796 0.09859 -3.07636 0.24713 -1.01724 -1.83327 2.33718 0.65209 0.60830 
Gradient: 0.13707 2.93372 -4.07691 -20.93340 -9.70838 6.53621 6.11807 10.12721 10.49326 -21.28219 
Xopt: 1.84774 -2.07571 1.09934 0.40350 0.78036 -1.33425 -0.91849 3.87873 3.03346 3.52999 
Fopt: 60.64
F(Xopt): 60.64
