Fitness: -163.07527063684446
Objective: 95.64527063684446
Individual: 2.72259 3.49441 -4.06019 0.65381 4.47006 -1.05083 -2.33378 1.13018 2.90148 -1.32177 
Gradient: 50.02925 -4.98974 -205.38216 262.54198 619.15079 -422.16088 -217.07678 353.35958 186.92738 60.22259 
Xopt: 1.84703 -0.71935 -2.33828 -1.33826 3.74205 -3.95106 3.70964 3.51892 3.57756 3.49666 
Fopt: 67.43
F(Xopt): 67.43
