Fitness: -75.96383308610162
Objective: 44.97383308610162
Individual: -2.09524 2.79165 3.44854 -1.25949 1.95894 -1.23505 -0.15922 -2.67258 2.70838 2.01798 
Gradient: -305.35129 174.66688 -153.85020 -101.46257 100.62505 257.24625 -773.13833 -151.59419 -340.16965 1014.79578 
Xopt: 1.84129 2.13149 2.16075 0.72766 3.43553 -0.88554 0.73464 0.64045 -0.06965 3.22997 
Fopt: 30.99
F(Xopt): 30.99
