Fitness: -156.53639328160443
Objective: 89.10639328160443
Individual: 3.04852 -1.13211 -4.06038 0.65148 4.17486 -2.24861 -1.61485 -0.20408 3.60321 0.00000 
Gradient: 444.30260 -128.12751 -1878.96703 2438.01591 5793.66264 -3977.41137 -1944.14701 3325.99094 1746.90579 NaN 
Xopt: 1.84703 -0.71935 -2.33828 -1.33826 3.74205 -3.95106 3.70964 3.51892 3.57756 3.49666 
Fopt: 67.43
F(Xopt): 67.43
