Fitness: -45.79444267601997
Objective: 184.66444267601997
Individual: 0.00000 -3.29572 2.07583 -4.56321 -0.46608 -4.65189 0.00000 4.83141 -3.28063 -4.12488 
Gradient: NaN 7561.83690 -2017.12206 4836.04137 5051.87167 -5029.64790 NaN -414.95354 -3787.68890 1540.95198 
Xopt: 1.84416 -3.29393 -0.08876 -0.30530 -0.41121 1.58170 -1.77786 2.07969 -2.24604 3.36331 
Fopt: -138.87
F(Xopt): -138.87
