Fitness: -94.4864770262146
Objective: 44.756477026214604
Individual: 0.00000 0.00000 0.00000 0.43779 0.00000 2.63026 0.23894 4.30405 -2.38436 2.51394 
Gradient: NaN NaN NaN 594.72037 NaN 663.11554 -598.88765 -128.56368 -58.50162 287.08401 
Xopt: 1.84559 1.99336 -1.21352 3.17822 1.66542 -1.18468 -3.03411 2.79930 -3.33424 3.42998 
Fopt: 49.73
F(Xopt): 49.73
