Fitness: -124.45322260566616
Objective: 74.72322260566617
Individual: 4.47496 -2.15818 -1.31093 -0.00146 1.66227 1.36103 -3.44682 2.04340 0.60381 -0.52181 
Gradient: 76.69350 -1201.94938 1450.20059 2372.60716 -1525.94631 2569.60345 -2383.40558 -529.93130 -232.59195 1122.24662 
Xopt: 1.84559 1.99336 -1.21352 3.17822 1.66542 -1.18468 -3.03411 2.79930 -3.33424 3.42998 
Fopt: 49.73
F(Xopt): 49.73
