Fitness: -107.8526474678826
Objective: 45.7226474678826
Individual: 0.00000 2.03233 0.00000 -0.95129 2.46581 2.81908 -2.80999 -2.26988 3.92133 0.00000 
Gradient: NaN -107.36157 NaN -111.68670 208.03947 -0.27855 191.57768 -21.62184 -19.79758 NaN 
Xopt: 1.84918 3.21158 -0.02542 3.88702 2.85699 3.89937 -2.17474 -3.40165 1.94526 3.59667 
Fopt: 62.13
F(Xopt): 62.13
