Fitness: -131.24739099371115
Objective: 70.60739099371115
Individual: 2.71377 0.01467 1.68619 -0.91622 -0.80777 -1.89935 0.74427 -1.77565 1.08046 -1.31729 
Gradient: -1552.64547 -1248.13706 -545.81058 -3223.18434 -2139.78160 1253.87289 2249.20766 2972.96174 3778.76682 -3701.92584 
Xopt: 1.84774 -2.07571 1.09934 0.40350 0.78036 -1.33425 -0.91849 3.87873 3.03346 3.52999 
Fopt: 60.64
F(Xopt): 60.64
