Fitness: -47.8494611211636
Objective: 113.2894611211636
Individual: -3.49683 3.62635 -1.80633 -1.12954 2.33655 -2.81970 -1.44124 2.99078 2.61140 -1.69383 
Gradient: 243.53417 256.91768 0.96646 72.79455 758.39163 18.84505 -485.38958 103.51166 83.11399 -82.44122 
Xopt: 1.84201 0.77513 -2.40163 2.46942 0.47384 1.73127 -3.89349 1.00026 -0.61375 3.26330 
Fopt: -65.44
F(Xopt): -65.44
