Fitness: 53.172621429829846
Objective: 50.78737857017015
Individual: 4.88411 -1.13334 2.16965 2.09841 -2.15463 -1.16945 0.54881 -2.02255 -1.15089 2.32161 
Gradient: 1230.70573 618.14977 -21.80542 372.91212 -833.39385 -303.72537 -61.69038 -194.58451 716.06498 1355.80474 
Xopt: 1.84488 3.34971 3.34886 1.43646 -3.37290 -3.80149 1.59401 2.43950 -2.79014 3.39665 
Fopt: -103.96
F(Xopt): -103.96
