Fitness: -243.22631606328397
Objective: 213.90631606328398
Individual: -0.35643 4.61793 -2.88348 0.00000 0.00000 0.79595 0.00000 -2.93245 3.96246 -1.58132 
Gradient: -10041.45610 -8780.77374 7502.68103 NaN NaN -1846.42726 NaN -2890.52163 -685.39779 -10444.52379 
Xopt: 1.84631 0.63700 2.22410 -3.08002 -1.29627 1.43213 0.33776 3.15911 -3.87834 3.46332 
Fopt: 29.32
F(Xopt): 29.32
