Fitness: -113.35940620217701
Objective: 63.629406202177016
Individual: -3.66879 3.72088 3.59856 2.71323 2.97655 2.82206 1.89159 2.90076 -2.31245 3.72517 
Gradient: -4.40299 -4.90860 15.75047 8.38387 -10.16409 20.59438 -4.99003 -2.47520 1.81650 15.86451 
Xopt: 1.84559 1.99336 -1.21352 3.17822 1.66542 -1.18468 -3.03411 2.79930 -3.33424 3.42998 
Fopt: 49.73
F(Xopt): 49.73
