Fitness: -73.69807587413037
Objective: 42.70807587413037
Individual: 0.00000 0.63052 0.00000 -2.30073 0.00000 0.00000 -1.21057 -0.96557 -2.27988 0.00000 
Gradient: NaN 113.35000 NaN -61.96207 NaN NaN -501.61353 -97.75028 -224.56129 NaN 
Xopt: 1.84129 2.13149 2.16075 0.72766 3.43553 -0.88554 0.73464 0.64045 -0.06965 3.22997 
Fopt: 30.99
F(Xopt): 30.99
