Fitness: -140.68179133271303
Objective: 78.55179133271304
Individual: -2.51045 -0.38358 -4.62047 2.77825 1.31730 0.00000 -2.73310 -1.04427 0.00000 1.27650 
Gradient: 1529.26870 -2577.46375 -2014.55014 -2523.91858 5158.92293 NaN 4751.47945 -584.47069 NaN 1508.63775 
Xopt: 1.84918 3.21158 -0.02542 3.88702 2.85699 3.89937 -2.17474 -3.40165 1.94526 3.59667 
Fopt: 62.13
F(Xopt): 62.13
