Fitness: -29.431269030855972
Objective: 94.87126903085597
Individual: -1.29523 1.58230 3.09776 1.20246 3.27697 -3.93287 -2.18008 -2.34486 -2.88004 2.03354 
Gradient: 967.73297 1003.60340 2.26479 294.23462 2929.59463 113.89447 -1885.62091 391.55125 290.42281 -285.08445 
Xopt: 1.84201 0.77513 -2.40163 2.46942 0.47384 1.73127 -3.89349 1.00026 -0.61375 3.26330 
Fopt: -65.44
F(Xopt): -65.44
