Fitness: -109.85878076234664
Objective: 121.93878076234664
Individual: 2.02125 4.91577 4.45261 3.60034 4.56592 1.03625 4.69844 -4.91285 1.72648 4.00323 
Gradient: 21.45223 77.08964 -627.04908 -1524.40123 26.73309 -727.10252 2616.03506 -468.49755 180.78358 389.63895 
Xopt: 1.84846 -3.43206 -3.46304 2.14526 -2.18132 1.28256 2.45339 -3.76146 2.48936 3.56333 
Fopt: -12.08
F(Xopt): -12.08
