Fitness: -7896.123184740437
Objective: 7809.733184740437
Individual: 2.26973 -0.36070 -3.00420 -0.98576 -2.83157 -0.90451 1.07293 -0.77019 1.69927 0.02612 -0.60291 0.39696 0.56268 -0.44162 0.12657 0.20971 0.43811 0.57163 -1.16538 -0.89095 0.97250 -0.11667 -0.19395 -0.92166 -0.57195 
Gradient: 2224.71905 464.59012 -2775.64283 -1344.36023 -1181.70332 242.63094 75.91139 1014.45282 1292.79562 -425.29796 -321.73983 -753.26001 742.46478 -619.01140 1895.04425 -2478.50961 351.07270 337.00864 -2217.76281 -548.91264 917.32723 -441.07532 -321.33642 -555.83078 -1532.69784 
Xopt: 0.00000 0.00000 0.00000 0.00000 0.00000 0.00000 0.00000 0.00000 0.00000 0.00000 0.00000 0.00000 0.00000 0.00000 0.00000 0.00000 0.00000 0.00000 0.00000 0.00000 0.00000 0.00000 0.00000 0.00000 0.00000 
Fopt: 86.39
F(Xopt): 242.39
