Fitness: -6821.294435085396
Objective: 6583.654435085396
Individual: 0.42959 -0.56545 -1.17403 -1.96382 0.26340 2.77254 1.72916 0.80727 -1.48797 1.11719 -1.75989 0.77141 -0.79309 -0.61663 -0.96105 1.79779 -1.13689 0.11230 0.04574 -0.63921 -0.63320 -1.69285 -0.69798 -0.47834 0.62215 
Gradient: -469.32475 23.55253 267.22392 -2202.45176 524.91180 2171.67958 161.05771 -42.53367 -700.35270 931.31682 650.00127 -49.08777 478.87628 175.96743 -33.68035 297.22132 -3078.75146 -396.06572 980.18243 -1574.05224 -1011.38814 -1906.57228 -952.22100 -1074.00071 406.59250 
Xopt: 0.00000 0.00000 0.00000 0.00000 0.00000 0.00000 0.00000 0.00000 0.00000 0.00000 0.00000 0.00000 0.00000 0.00000 0.00000 0.00000 0.00000 0.00000 0.00000 0.00000 0.00000 0.00000 0.00000 0.00000 0.00000 
Fopt: 237.64
F(Xopt): 393.64
