Fitness: -7098.465772232055
Objective: 6808.625772232055
Individual: -1.20152 0.78810 -0.41897 -1.31324 0.90996 0.82651 0.00120 0.00260 1.09296 0.42174 -1.51584 0.51458 0.69843 1.38594 -0.21650 -0.20749 0.59087 -2.66601 -1.33765 0.23564 -0.56517 -0.38838 -0.00246 -0.26732 0.57533 
Gradient: -835.25268 1255.06636 -1696.01360 -1907.25194 50.54032 988.34595 -17.16220 -555.16864 2461.16191 686.43913 -130.57514 1746.75974 -97.95862 2281.94759 -2821.86556 1363.06968 -878.52892 -2136.67479 -1574.34144 122.06741 -576.40022 133.76941 -157.53342 355.16609 503.46894 
Xopt: 0.00000 0.00000 0.00000 0.00000 0.00000 0.00000 0.00000 0.00000 0.00000 0.00000 0.00000 0.00000 0.00000 0.00000 0.00000 0.00000 0.00000 0.00000 0.00000 0.00000 0.00000 0.00000 0.00000 0.00000 0.00000 
Fopt: 289.84
F(Xopt): 445.84
