Fitness: -13785.431836574655
Objective: 13730.351836574655
Individual: -1.63563 -2.50400 -1.09014 -2.60120 -1.10877 -0.77907 0.86371 0.45313 0.04146 1.25605 0.46468 -0.04522 0.73958 -1.13458 -1.87997 0.23503 1.19676 0.44345 -0.50958 0.02292 0.33069 -1.24039 -0.53919 0.26668 0.67947 
Gradient: -2754.06966 -1591.78223 -1176.43771 -4326.92940 -2008.16552 362.78958 1195.01903 1107.16234 112.20239 1591.74612 947.38543 550.59500 341.49264 -3864.15908 -2641.70966 2045.72726 2588.09382 2131.55231 1782.53051 2067.51826 2138.59624 -1531.51284 730.00679 575.42421 295.29067 
Xopt: 0.00000 0.00000 0.00000 0.00000 0.00000 0.00000 0.00000 0.00000 0.00000 0.00000 0.00000 0.00000 0.00000 0.00000 0.00000 0.00000 0.00000 0.00000 0.00000 0.00000 0.00000 0.00000 0.00000 0.00000 0.00000 
Fopt: 55.08
F(Xopt): 211.07999999999998
