Fitness: -9852.120684524474
Objective: 9794.540684524474
Individual: 1.11058 -0.19246 3.53769 0.05312 0.44350 0.39483 3.36906 0.97721 0.03961 1.04815 -0.02812 -0.40694 -0.43548 0.26492 -1.25616 0.24323 0.28977 0.10100 1.96666 0.20772 0.90389 -0.67926 -0.72723 -1.91146 1.68800 
Gradient: 770.52366 24.82943 4481.02867 -600.45765 503.59178 -576.79679 2959.40717 -623.33002 1008.08958 1080.95250 615.18408 -1158.94408 289.23529 1654.47989 -395.05169 153.35117 507.95899 -21.23252 1827.20621 1720.28976 355.15426 63.70881 -1753.93972 -839.29166 -256.61083 
Xopt: 0.00000 0.00000 0.00000 0.00000 0.00000 0.00000 0.00000 0.00000 0.00000 0.00000 0.00000 0.00000 0.00000 0.00000 0.00000 0.00000 0.00000 0.00000 0.00000 0.00000 0.00000 0.00000 0.00000 0.00000 0.00000 
Fopt: 57.58
F(Xopt): 213.57999999999998
