Fitness: -7612.122600399945
Objective: 7701.142600399946
Individual: 1.25634 0.88218 1.44408 3.24235 2.69844 -0.22803 -1.97457 -1.03521 0.25675 0.33361 -0.99411 -1.55273 -0.37029 -1.31122 -1.71175 1.42967 -1.45818 1.26825 -1.25590 1.22881 -0.41605 0.43362 -0.11895 0.77881 0.73575 
Gradient: 879.44604 748.29305 463.63339 991.99785 2102.62423 768.44295 -1591.66004 -367.03351 720.77943 -658.57498 -1397.79025 -889.25340 629.86036 -818.81632 -233.26654 -223.90647 -950.90689 -44.76029 -1278.90936 1210.58934 -1260.26362 -650.47339 -1472.33709 1009.29550 312.62014 
Xopt: 0.00000 0.00000 0.00000 0.00000 0.00000 0.00000 0.00000 0.00000 0.00000 0.00000 0.00000 0.00000 0.00000 0.00000 0.00000 0.00000 0.00000 0.00000 0.00000 0.00000 0.00000 0.00000 0.00000 0.00000 0.00000 
Fopt: -89.02
F(Xopt): 66.98
