Fitness: -3284.752540523277
Objective: 3340.7425405232766
Individual: -0.10400 -0.01284 0.41637 -0.62784 1.33031 1.89982 -1.03415 -0.96250 -0.02725 -0.71666 0.04065 -0.83072 -0.95919 -0.05071 1.10009 -0.23276 -0.35213 -1.12628 1.31404 0.17807 -0.96317 -2.12605 1.29944 -0.54024 -0.70795 
Gradient: 308.82415 -916.53388 1077.32544 -626.54408 770.05224 512.92080 131.83012 -842.17536 8.89863 -580.58401 633.89756 -429.28674 -830.63745 -200.20585 466.08503 -779.29409 199.05964 -796.19879 -63.40519 581.18411 -1051.66272 -820.23889 321.79665 -258.25644 -392.51298 
Xopt: 0.00000 0.00000 0.00000 0.00000 0.00000 0.00000 0.00000 0.00000 0.00000 0.00000 0.00000 0.00000 0.00000 0.00000 0.00000 0.00000 0.00000 0.00000 0.00000 0.00000 0.00000 0.00000 0.00000 0.00000 0.00000 
Fopt: -55.99
F(Xopt): 100.00999999999999
