Fitness: -19882.748788136585
Objective: 20139.508788136583
Individual: 3.53807 -0.01847 -1.24181 1.65884 1.60985 1.07020 -1.04949 -0.23063 -1.27544 0.72118 -0.41324 0.51854 0.64657 -0.63836 3.44043 -1.48903 1.44478 0.32957 0.13792 0.23148 -0.49556 -1.32159 -0.20745 -2.09418 1.64412 
Gradient: 6705.69268 -1363.78766 -3797.48037 2103.16848 765.46911 2233.87542 -939.45046 1116.41019 -2608.20806 870.71886 1089.78729 1191.45724 650.43173 -2963.52800 4838.70718 -1627.67318 2975.65234 572.94448 853.29254 2369.09483 -71.95881 455.13572 -3619.78470 -2718.35337 2238.04038 
Xopt: 0.00000 0.00000 0.00000 0.00000 0.00000 0.00000 0.00000 0.00000 0.00000 0.00000 0.00000 0.00000 0.00000 0.00000 0.00000 0.00000 0.00000 0.00000 0.00000 0.00000 0.00000 0.00000 0.00000 0.00000 0.00000 
Fopt: -256.76
F(Xopt): -100.75999999999999
