Fitness: -8619.550734480481
Objective: 8526.96073448048
Individual: -1.12200 0.06223 -1.53668 -1.71024 -0.52310 -0.55173 -2.08675 2.12572 -0.18950 -2.36999 -1.15717 0.21039 0.43806 1.18232 -1.03593 2.21312 0.08216 -0.87917 0.04623 0.35143 0.97794 1.33685 0.16009 0.04966 -0.56378 
Gradient: -3217.03093 -1376.83443 -1226.39469 -1118.07391 871.89165 1448.57296 -513.89232 877.04685 827.25743 -2990.74394 -1658.76205 136.77685 22.53428 378.55071 -331.04200 1812.13211 1428.29956 -1673.41687 -846.85825 800.42377 -347.84498 2502.22804 330.63833 1105.97899 44.85920 
Xopt: 0.00000 0.00000 0.00000 0.00000 0.00000 0.00000 0.00000 0.00000 0.00000 0.00000 0.00000 0.00000 0.00000 0.00000 0.00000 0.00000 0.00000 0.00000 0.00000 0.00000 0.00000 0.00000 0.00000 0.00000 0.00000 
Fopt: 92.59
F(Xopt): 248.59
