Fitness: -4305.074259533972
Objective: 4358.934259533971
Individual: 2.20054 0.82752 -1.63663 -1.18366 0.22818 0.01206 0.45932 -1.21205 1.21120 0.95824 0.61921 -0.59786 -0.31982 0.64032 -0.49314 1.33109 -1.10692 -0.00938 -0.95048 0.84893 1.42954 0.29823 -0.53234 0.71162 0.73092 
Gradient: 1280.65195 51.37120 -1620.74718 -967.83126 -437.26184 -487.15604 -77.50411 -1093.65068 722.61929 368.28865 667.49427 -670.37934 -75.48927 -26.36221 -731.50493 3.13051 -120.44348 -403.80578 -1136.10735 1349.96668 1169.45824 508.91244 -749.44489 219.71754 695.18025 
Xopt: 0.00000 0.00000 0.00000 0.00000 0.00000 0.00000 0.00000 0.00000 0.00000 0.00000 0.00000 0.00000 0.00000 0.00000 0.00000 0.00000 0.00000 0.00000 0.00000 0.00000 0.00000 0.00000 0.00000 0.00000 0.00000 
Fopt: -53.86
F(Xopt): 102.14
