Fitness: -2792.418918835789
Objective: 2810.158918835789
Individual: -1.56216 3.01427 -3.47171 3.30571 0.79504 0.52592 0.92075 -1.30117 -0.07758 1.07565 -1.49571 1.08269 -0.26039 -1.94190 1.76618 -1.74220 -3.29355 2.10557 -1.35978 -2.45489 -1.82740 -1.52415 -2.52019 -2.23674 -2.60125 
Gradient: -57.43839 -25.79295 -40.53046 -30.88290 -49.25529 -65.31007 -530.97366 36.01864 -5.72827 -90.50777 86.66282 -77.61742 -59.33631 121.29546 254.92059 80.68131 -189.79020 123.10977 1855.58773 2.98987 -185.58968 123.71946 1845.22257 97.63513 2233.56296 
Xopt: 1.84129 2.13149 2.16075 0.72766 3.43553 -0.88554 0.73464 0.64045 -0.06965 3.22997 -1.00050 -3.22812 -0.21040 -1.02042 1.35829 -2.24858 -3.17513 -0.72359 -3.06041 -3.62107 -1.37000 -1.20650 -3.39764 2.74400 -2.74013 
Fopt: -17.74
F(Xopt): -17.74
