Fitness: -2499.3869939179067
Objective: 2449.496993917907
Individual: -4.67230 -4.79206 -0.16022 -0.84344 -1.68460 -4.54426 -4.43695 0.84029 -2.85818 3.62659 -2.77341 1.58194 -0.51719 -0.25459 2.05903 1.12316 -0.60661 -0.67336 -2.32320 -0.63246 -3.00446 0.40980 -1.93910 -0.98004 -0.23109 
Gradient: -33.16504 -11.63925 1484.05204 -65.72194 338.50352 9.98047 32.88325 -33.65949 -97.83657 48.36521 307.68945 74.48961 -138.35764 -71.10438 -104.75856 -48.37917 -170.44902 -34.17831 -149.39896 113.89509 6.58672 127.20819 -74.63118 -323.09302 -60.35294 
Xopt: 1.84846 -3.43206 -3.46304 2.14526 -2.18132 1.28256 2.45339 -3.76146 2.48936 3.56333 -2.77813 3.28221 3.99317 0.31994 3.82010 -2.73250 0.39271 -3.25163 -0.45288 -0.69710 -1.70802 -2.64610 -0.10034 3.54535 3.12488 
Fopt: 49.89
F(Xopt): 49.89
