Fitness: -3754.5823810490706
Objective: 3683.7123810490707
Individual: -2.94096 3.63600 -2.61346 0.46956 0.50417 0.98259 -2.21055 -0.34959 0.68419 -0.61311 -2.14202 -0.92392 -1.32697 1.31997 -1.15994 1.65163 -1.69316 1.63476 -2.01946 0.63615 -1.89516 -1.98553 1.15468 0.42748 -1.63642 
Gradient: -18.44746 -45.44548 -71.24350 -69.61444 489.19382 25.84865 822.32016 16.82411 -257.11241 -62.34577 -62.30132 92.04459 597.43849 -105.79462 5033.77767 -9.56752 -148.07469 -107.72725 -405.76395 10.79387 -187.21176 -73.77609 -63.33966 388.17589 -1368.44195 
Xopt: 1.84201 0.77513 -2.40163 2.46942 0.47384 1.73127 -3.89349 1.00026 -0.61375 3.26330 -1.97827 3.02291 -1.39004 3.11362 -3.19553 -0.69697 0.38165 3.02360 -2.79966 1.47132 0.99620 -3.75046 2.53209 -3.57587 -2.15363 
Fopt: 70.87
F(Xopt): 70.87
