Fitness: -4148.331730489186
Objective: 4061.6117304891864
Individual: 1.60904 4.42262 -3.11766 -4.31728 -0.86478 3.74515 -1.92563 -2.26646 -0.77009 -3.15760 1.55946 -0.25864 -2.41673 -1.24216 1.76168 3.57672 -2.18151 -1.78736 -0.17338 2.02374 -1.02500 1.54175 -2.81247 -1.50889 -1.51099 
Gradient: -72.08920 -18.63863 -59.27988 -3.83754 145.04210 9.00897 48.78980 22.10761 1865.55471 5.51567 532.14109 -88.43896 -108.41277 -100.80101 -565.13762 -88.58165 788.93013 -163.12991 4003.56720 -42.55556 47.16805 69.63900 80.19701 -65.38796 115.21667 
Xopt: 1.84631 0.63700 2.22410 -3.08002 -1.29627 1.43213 0.33776 3.15911 -3.87834 3.46332 0.15516 0.52911 -0.46790 3.91783 1.48156 0.61268 -2.27764 1.50678 -1.23514 0.02570 -0.80661 -3.01422 -1.88953 -1.49505 1.36537 
Fopt: 86.72
F(Xopt): 86.72
