Fitness: -4636.09951890194
Objective: 3636.0995189019404
Individual: 0.44555 0.77100 -2.95086 1.23364 -3.15293 -4.89316 -3.38957 -3.21945 0.40397 4.73834 -2.54573 -1.05893 -2.82398 -0.67993 -2.66844 -0.80980 0.14787 -0.22533 0.87791 -1.08661 1.62709 3.89166 -2.82923 -1.12429 0.21336 
Gradient: -20.74145 -0.01105 49.43396 -30.70269 -26.98267 -96.92681 -40.84023 -60.14188 33.84428 -25.64940 67.56727 141.65109 -127.72914 -74.48679 258.86941 8.58417 31.78860 0.78276 2840.55766 180.00423 -1232.54293 -112.59176 778.93969 -112.00958 -182.96211 
Xopt: 1.84703 -0.71935 -2.33828 -1.33826 3.74205 -3.95106 3.70964 3.51892 3.57756 3.49666 -0.82261 -1.21986 -1.64754 0.05187 -3.07226 2.16429 1.27914 -2.74602 -0.97438 -2.88190 1.55958 2.44182 -3.95980 0.18508 1.95188 
Fopt: 1000.0
F(Xopt): 1000.0
