Fitness: -1302.4101631360277
Objective: 1009.5701631360278
Individual: 0.40669 -1.93691 3.76347 0.61415 -4.64014 1.75231 1.37664 -2.22126 -2.94255 -1.28603 -1.95902 2.49540 -0.91552 -2.09245 -3.74728 -2.30987 -2.10730 1.91786 -4.24183 -0.49956 0.13781 1.01818 1.85868 3.41541 0.17076 
Gradient: -13.94474 45.63770 -35.28746 35.99979 38.42477 -82.37545 -89.34829 68.96076 -60.37288 7.22763 96.28978 177.19417 80.59279 -29.78256 -101.69446 128.53987 1.66614 -144.50943 102.42052 -27.32342 127.28705 45.39506 -185.11409 -204.10499 -74.41275 
Xopt: 1.84488 3.34971 3.34886 1.43646 -3.37290 -3.80149 1.59401 2.43950 -2.79014 3.39665 2.11068 -3.97295 1.89139 3.64976 2.58919 -2.49054 -1.39121 2.01239 -1.75664 -2.15909 2.46099 2.07370 2.25101 3.14468 0.19237 
Fopt: 292.84
F(Xopt): 292.84
