Fitness: -1184.4834455390048
Objective: 1413.923445539005
Individual: -1.65402 -3.33170 -0.80403 2.38595 -1.56283 -2.67099 -3.67617 1.03302 -3.13918 -3.59523 -0.21737 1.19752 -2.82164 -2.30018 -1.70776 0.65811 1.29252 -1.87282 -0.86451 -4.19897 -2.57372 1.04368 -1.63206 -0.40320 -0.82458 
Gradient: -13.59510 38.96742 -29.73337 40.79578 57.10860 31.08546 42.99901 -57.62095 -10.12307 -79.53133 -80.98372 85.80890 -154.06207 95.00098 413.50113 101.25798 135.18997 -103.41010 -104.60379 -33.31552 1971.33141 13.06839 -11.34035 3.27854 9.79925 
Xopt: 1.84559 1.99336 -1.21352 3.17822 1.66542 -1.18468 -3.03411 2.79930 -3.33424 3.42998 1.13292 2.27808 0.71174 -0.21620 -1.96463 -0.93893 2.16557 -2.24042 -1.49589 2.93331 -3.17281 -0.47026 0.18074 -3.17519 0.77887 
Fopt: -229.44
F(Xopt): -229.44
