Fitness: -1030.3160714704325
Objective: 1259.5460714704325
Individual: -1.50279 3.93055 -0.69426 0.25570 1.51860 -0.62659 -3.02444 1.50312 -3.49986 -0.35371 -2.74526 1.55852 2.75359 -1.49039 -2.38311 0.33910 -0.66499 -2.56520 -0.63639 -0.83132 0.90052 0.82686 -2.20782 -1.37025 -1.19446 
Gradient: -71.94328 -57.20777 45.95458 -93.03754 48.73313 -17.06219 -44.31205 -8.90828 -89.94713 -132.80495 1249.20966 30.99706 -62.18321 -94.06012 -80.47521 15.17494 -151.82959 119.89572 -104.69999 -39.58639 2301.16806 -168.45370 -125.92197 118.70534 -318.04674 
Xopt: 1.84918 3.21158 -0.02542 3.88702 2.85699 3.89937 -2.17474 -3.40165 1.94526 3.59667 -3.75589 1.53324 2.81353 -3.54602 -0.73372 -1.18089 3.94949 0.49556 -0.19212 -3.60471 0.65818 2.80994 -2.17061 -2.77451 3.71138 
Fopt: -229.23
F(Xopt): -229.23
