Fitness: -3156.8110655989217
Objective: 2156.8110655989217
Individual: 1.12027 -4.82498 1.05241 -1.54721 -2.68286 0.91784 -2.73784 -0.56240 -0.37633 -0.83794 -1.34690 -1.93385 -1.46997 0.29927 -1.76083 -0.83229 -1.92757 -1.70457 -1.58630 1.27126 -0.16716 -1.16146 -0.52559 -1.22630 -0.11095 
Gradient: 40.47693 60.77773 -22.71546 -57.81137 -89.41203 3.54643 -70.17843 -47.59635 4.20599 -7.83812 67.98315 -165.37298 693.69314 -70.84291 -1.23455 105.16348 -23.82678 48.39136 11.80744 -218.88626 -7.20106 23.66031 78.53579 -212.80217 -161.98324 
Xopt: 1.84774 -2.07571 1.09934 0.40350 0.78036 -1.33425 -0.91849 3.87873 3.03346 3.52999 -1.80037 -2.96882 -2.82719 -3.81410 0.37392 3.71589 -3.16407 1.00117 -0.71363 2.21050 3.92578 -0.10214 1.96993 1.86522 2.53838 
Fopt: 1000.0
F(Xopt): 1000.0
