Fitness: -3227.9552687822606
Objective: 3154.5552687822606
Individual: 2.21903 1.22426 -1.52413 3.88941 -1.82247 -3.66252 -1.05947 2.73626 -2.08892 -0.32696 1.90670 -0.21656 0.40323 -1.30612 -3.34509 1.72031 0.99419 -1.33959 -1.88778 0.37550 -2.30565 4.29960 -2.15300 -4.31553 -0.96545 
Gradient: -166.33101 -3.18972 25.24011 31.55063 49.71769 -7.10022 -294.44477 -21.60191 1219.37253 90.53612 -9.99605 130.93866 40.77079 -31.78848 95.23139 -102.65235 -145.25997 -31.35736 -426.13139 37.85524 -36.58701 131.45915 3703.53143 29.83195 111.07070 
Xopt: 1.84416 -3.29393 -0.08876 -0.30530 -0.41121 1.58170 -1.77786 2.07969 -2.24604 3.36331 3.08845 -2.22399 3.07103 -0.48428 -0.85699 3.95786 3.05201 -1.73481 -2.01740 0.74851 0.09479 -3.38234 -3.67872 1.46454 -0.39413 
Fopt: 73.4
F(Xopt): 73.4
