Fitness: -2452.464747079637
Objective: 1452.4647470796372
Individual: 1.35996 -2.39913 -0.08073 0.89919 -0.70702 -1.86290 3.23136 2.83116 0.54609 4.57415 -0.71271 -0.32039 -0.98862 0.92925 -1.08170 1.51656 0.50579 -1.79253 -2.59397 0.18261 0.72540 0.77876 -2.67124 0.82682 1.89840 
Gradient: -21.13551 -43.03250 62.00170 24.91323 -65.38449 71.76531 -18.39991 -20.96445 -33.11427 14.90608 -22.87490 -1.38925 -7.14453 37.60007 29.80017 31.14424 -8.16580 30.02259 -26.47401 96.41159 11.51775 -66.63864 52.83124 -20.50625 -27.39813 
Xopt: 1.84703 -0.71935 -2.33828 -1.33826 3.74205 -3.95106 3.70964 3.51892 3.57756 3.49666 -0.82261 -1.21986 -1.64754 0.05187 -3.07226 2.16429 1.27914 -2.74602 -0.97438 -2.88190 1.55958 2.44182 -3.95980 0.18508 1.95188 
Fopt: 1000.0
F(Xopt): 1000.0
