Fitness: -2245.43986820977
Objective: 1952.59986820977
Individual: 0.33550 3.30483 0.76720 0.27693 3.00097 -1.67522 -0.71582 -0.26609 -2.17861 3.03706 1.67069 1.31592 -1.63434 1.62321 0.89261 -3.20655 -2.09091 2.39907 -1.51904 -0.29410 1.51363 -0.66290 -0.70658 0.31092 -0.26425 
Gradient: -56.70348 3.65910 -6.76352 23.53996 69.56545 59.81136 -44.20793 -35.04703 14.68956 -22.52389 -51.86106 82.87838 -10.85459 -2.51877 -16.82248 -0.80690 -25.44831 -41.81928 -18.08427 -0.54064 -67.78913 -59.33805 -56.92221 -57.00577 -24.80715 
Xopt: 1.84488 3.34971 3.34886 1.43646 -3.37290 -3.80149 1.59401 2.43950 -2.79014 3.39665 2.11068 -3.97295 1.89139 3.64976 2.58919 -2.49054 -1.39121 2.01239 -1.75664 -2.15909 2.46099 2.07370 2.25101 3.14468 0.19237 
Fopt: 292.84
F(Xopt): 292.84
