Fitness: -1520.0066332712793
Objective: 1749.4466332712793
Individual: 4.08489 3.76925 2.14992 -1.34255 3.15884 0.82022 -3.37537 -1.64518 -0.19540 1.97290 2.24303 0.75555 -0.82642 -1.26798 0.38908 0.13649 -0.00829 -0.55841 1.33767 2.11546 -0.28176 -0.44450 -1.62939 0.44363 0.81264 
Gradient: 37.76966 -12.06740 96.53945 -70.92111 35.37223 8.58223 -29.49409 -57.73588 15.75044 16.01564 -19.65885 -24.91414 -34.96657 -15.83813 36.00268 8.28101 4.21863 55.20014 34.91072 -24.14745 33.86496 15.01154 -3.68968 55.28900 20.92013 
Xopt: 1.84559 1.99336 -1.21352 3.17822 1.66542 -1.18468 -3.03411 2.79930 -3.33424 3.42998 1.13292 2.27808 0.71174 -0.21620 -1.96463 -0.93893 2.16557 -2.24042 -1.49589 2.93331 -3.17281 -0.47026 0.18074 -3.17519 0.77887 
Fopt: -229.44
F(Xopt): -229.44
