Fitness: -1862.275133166924
Objective: 1788.875133166924
Individual: 2.24154 2.58808 2.60404 -0.37571 -4.08011 1.32842 1.12518 2.74155 0.39753 2.78987 0.04864 0.71158 1.10470 -0.56321 -1.70188 -0.00509 2.50203 -0.41273 -0.62829 -1.05300 0.46659 -1.24233 -0.02981 0.39912 0.55793 
Gradient: 26.91962 107.01789 15.69422 -27.71201 -56.35150 -15.90053 27.59962 17.42097 7.14313 -34.66670 -39.45812 24.41545 8.71726 3.90859 -0.90768 -37.40964 -0.10138 28.91734 21.46189 -33.84445 21.53261 16.54070 59.73122 -32.84865 21.05480 
Xopt: 1.84416 -3.29393 -0.08876 -0.30530 -0.41121 1.58170 -1.77786 2.07969 -2.24604 3.36331 3.08845 -2.22399 3.07103 -0.48428 -0.85699 3.95786 3.05201 -1.73481 -2.01740 0.74851 0.09479 -3.38234 -3.67872 1.46454 -0.39413 
Fopt: 73.4
F(Xopt): 73.4
