Fitness: -1608.5541353551273
Objective: 1837.7841353551273
Individual: 2.67351 1.75946 0.89043 4.63554 3.56285 2.18882 -0.99205 -0.14107 0.29003 4.64178 1.77509 4.07519 2.21614 -2.15849 2.67068 -1.70105 3.01314 -1.17790 -0.01225 -4.01412 -2.00416 1.84789 -0.71382 2.88472 3.85625 
Gradient: 8.66063 -34.00138 10.65915 10.20908 4.48220 -14.08164 -42.88164 36.18506 -37.19659 26.53361 110.36712 -10.10457 -11.29726 27.41923 31.76443 -19.86489 -3.85120 -21.41609 14.04884 28.16617 -61.43171 -0.89428 25.41124 110.75636 33.78445 
Xopt: 1.84918 3.21158 -0.02542 3.88702 2.85699 3.89937 -2.17474 -3.40165 1.94526 3.59667 -3.75589 1.53324 2.81353 -3.54602 -0.73372 -1.18089 3.94949 0.49556 -0.19212 -3.60471 0.65818 2.80994 -2.17061 -2.77451 3.71138 
Fopt: -229.23
F(Xopt): -229.23
