Fitness: -1802.5980544853728
Objective: 1752.7080544853727
Individual: 3.21618 -2.50163 -0.76423 0.29399 2.40462 -1.58216 -1.08335 -0.14597 -0.23012 0.54769 -0.50376 2.60800 2.40649 -0.37217 2.33676 0.26282 0.86044 -1.54150 0.53876 -1.29204 -2.32136 -2.69374 0.25263 0.31904 2.07282 
Gradient: 27.28637 39.13674 91.83518 11.38774 68.93767 -49.03045 -26.43166 30.77514 -54.29344 -33.55576 -8.02466 7.61252 -31.94932 -6.45533 -20.52880 55.36141 11.33535 48.78265 -2.27915 -35.78626 -22.19593 25.30869 17.49622 -49.40434 -27.15564 
Xopt: 1.84846 -3.43206 -3.46304 2.14526 -2.18132 1.28256 2.45339 -3.76146 2.48936 3.56333 -2.77813 3.28221 3.99317 0.31994 3.82010 -2.73250 0.39271 -3.25163 -0.45288 -0.69710 -1.70802 -2.64610 -0.10034 3.54535 3.12488 
Fopt: 49.89
F(Xopt): 49.89
