Fitness: -3041.030865395836
Objective: 2041.030865395836
Individual: -0.23438 -1.56319 4.39907 0.21517 -2.19943 2.22893 0.08395 0.43957 -0.48777 1.94041 -1.73868 2.09897 -2.35452 -0.98982 1.77930 1.65815 1.73623 -0.77647 -0.87776 -0.42059 1.11616 0.91459 -0.73767 -0.85959 2.12310 
Gradient: -3.30760 28.35277 16.74068 -14.41687 -53.78873 41.44068 0.82508 -49.59796 -48.34317 -35.64504 -10.28780 68.54001 -28.77542 42.16114 -20.90556 -65.83240 78.58732 -77.90934 -14.46797 -34.57904 -21.80400 23.65042 -16.81728 1.15858 -11.64580 
Xopt: 1.84774 -2.07571 1.09934 0.40350 0.78036 -1.33425 -0.91849 3.87873 3.03346 3.52999 -1.80037 -2.96882 -2.82719 -3.81410 0.37392 3.71589 -3.16407 1.00117 -0.71363 2.21050 3.92578 -0.10214 1.96993 1.86522 2.53838 
Fopt: 1000.0
F(Xopt): 1000.0
