Fitness: -1829.3837876019438
Objective: 1758.513787601944
Individual: 1.48174 -1.76441 0.26081 2.48740 1.31040 -1.67007 -0.90343 -2.81343 -0.43352 -0.55479 -1.53808 1.21294 -2.81415 0.71284 -2.53058 -2.97801 1.22005 -1.79121 -0.04131 0.52205 1.88458 -2.48873 0.19509 -1.45806 0.80370 
Gradient: -12.90076 -57.94121 51.95369 9.04011 11.11102 -47.88025 37.49888 -69.18174 30.35525 -31.38925 7.78173 -36.02302 12.04985 -70.52611 6.73596 -29.75370 -6.49752 -60.52248 -8.38887 15.70670 26.04126 14.52539 -26.20575 16.59297 40.74710 
Xopt: 1.84201 0.77513 -2.40163 2.46942 0.47384 1.73127 -3.89349 1.00026 -0.61375 3.26330 -1.97827 3.02291 -1.39004 3.11362 -3.19553 -0.69697 0.38165 3.02360 -2.79966 1.47132 0.99620 -3.75046 2.53209 -3.57587 -2.15363 
Fopt: 70.87
F(Xopt): 70.87
