Fitness: -1280.250716421077
Objective: 1297.990716421077
Individual: 2.97761 1.79388 2.04263 2.38662 0.08402 0.00821 -0.09329 -2.23243 -0.91312 1.97638 -1.63494 -1.79111 -0.80937 0.84872 2.28425 -2.60626 -2.03707 -0.59230 -2.55405 -2.55609 -2.47468 0.50540 -0.28700 1.76881 -3.39379 
Gradient: 66.58181 -14.59800 39.90376 79.03693 -75.82138 26.55346 -23.53796 -85.64547 -18.87797 -23.38475 -26.58485 20.22185 51.14497 93.99446 23.53655 -36.70394 -43.72616 11.19135 8.04231 88.50497 -24.05132 -13.81555 79.62109 15.07648 12.35042 
Xopt: 1.84129 2.13149 2.16075 0.72766 3.43553 -0.88554 0.73464 0.64045 -0.06965 3.22997 -1.00050 -3.22812 -0.21040 -1.02042 1.35829 -2.24858 -3.17513 -0.72359 -3.06041 -3.62107 -1.37000 -1.20650 -3.39764 2.74400 -2.74013 
Fopt: -17.74
F(Xopt): -17.74
