Fitness: -1504.9697106360236
Objective: 1418.2497106360236
Individual: 1.56249 -0.40570 1.80442 -2.93165 -2.74396 2.09665 -0.58636 -2.23912 -3.49684 1.25107 1.65692 2.08020 2.09587 2.67613 1.36404 1.14041 -2.55509 2.89607 -2.75110 0.70278 -0.44597 -0.48626 -2.60399 -0.29535 0.99438 
Gradient: -5.75868 -47.21294 10.34754 -0.84916 -31.94306 43.75178 -14.49678 -127.25458 18.43777 -62.12643 59.70551 43.01371 53.39407 -39.43818 11.93200 -20.67214 3.15271 12.23336 24.12582 10.27518 41.44696 42.73767 -13.71548 12.83044 29.22608 
Xopt: 1.84631 0.63700 2.22410 -3.08002 -1.29627 1.43213 0.33776 3.15911 -3.87834 3.46332 0.15516 0.52911 -0.46790 3.91783 1.48156 0.61268 -2.27764 1.50678 -1.23514 0.02570 -0.80661 -3.01422 -1.88953 -1.49505 1.36537 
Fopt: 86.72
F(Xopt): 86.72
