Fitness: 62.73757832384953
Objective: 2.7024216761504647
Individual: 4.30111 2.78554 -2.16525 1.19746 0.44978 -1.48555 -0.23032 -2.33264 -2.21721 0.16818 
Gradient: 422.74355 219.67285 90.65830 224.28238 -39.35836 656.82438 211.59249 -39.42722 -174.28740 34.15780 
Xopt: 1.84201 0.77513 -2.40163 2.46942 0.47384 1.73127 -3.89349 1.00026 -0.61375 3.26330 
Fopt: -65.44
F(Xopt): -65.44
