Fitness: -64.18987960213742
Objective: 2.0598796021374213
Individual: 4.77268 3.80163 2.94693 1.07084 -0.53032 3.86318 4.23427 -1.87647 1.10025 -0.29735 
Gradient: 310.26665 -673.95018 -374.29532 -343.10685 0.46254 -185.84744 -616.87981 691.66663 -277.31737 500.87684 
Xopt: 1.84918 3.21158 -0.02542 3.88702 2.85699 3.89937 -2.17474 -3.40165 1.94526 3.59667 
Fopt: 62.13
F(Xopt): 62.13
