Fitness: -71.98109715051869
Objective: 11.341097150518692
Individual: -1.13664 -1.25994 -4.20037 -3.75687 0.30039 4.29503 -0.97131 0.18296 -0.93863 1.20308 
Gradient: -83.17753 653.87050 -178.99904 -48.76407 -278.29547 1023.10855 -176.40100 341.35096 -395.25528 -306.33059 
Xopt: 1.84774 -2.07571 1.09934 0.40350 0.78036 -1.33425 -0.91849 3.87873 3.03346 3.52999 
Fopt: 60.64
F(Xopt): 60.64
