Fitness: -34.63795038879439
Objective: 3.6479503887943885
Individual: 3.56262 -3.17831 -0.29229 -1.80339 0.76339 -3.99658 0.77254 1.78367 1.04937 3.61118 
Gradient: -136.88267 -198.09009 102.35763 224.68430 -85.18665 -236.86777 91.66784 134.10908 42.32871 22.61690 
Xopt: 1.84129 2.13149 2.16075 0.72766 3.43553 -0.88554 0.73464 0.64045 -0.06965 3.22997 
Fopt: 30.99
F(Xopt): 30.99
