Fitness: -53.31972126132764
Objective: 3.5897212613276466
Individual: 2.83309 0.86446 -4.09584 3.23472 3.90590 4.47358 -0.30265 -4.01657 3.64779 -3.06019 
Gradient: 492.94215 -158.35817 400.49784 -446.27039 127.71744 -28.60875 64.87939 -171.57010 174.57888 31.79522 
Xopt: 1.84559 1.99336 -1.21352 3.17822 1.66542 -1.18468 -3.03411 2.79930 -3.33424 3.42998 
Fopt: 49.73
F(Xopt): 49.73
