Fitness: -30.669236726657594
Objective: 1.349236726657594
Individual: 3.13118 1.04245 0.32874 -2.86324 -0.40550 -1.46839 2.41463 2.53298 -0.76642 1.26828 
Gradient: 0.00000 0.00000 0.00000 -0.00000 -0.00000 -0.00000 0.00000 0.00000 -0.00000 0.00000 
Xopt: 1.84631 0.63700 2.22410 -3.08002 -1.29627 1.43213 0.33776 3.15911 -3.87834 3.46332 
Fopt: 29.32
F(Xopt): 29.32
