Fitness: 138.81829049492237
Objective: 0.05170950507763905
Individual: 0.31945 -3.42839 -1.50051 -0.05453 1.76394 2.26341 -2.21514 1.65283 -0.04018 3.34734 
Gradient: 0.00000 -0.00000 -0.00000 -0.00000 0.00000 0.00000 -0.00000 0.00000 -0.00000 0.00000 
Xopt: 1.84416 -3.29393 -0.08876 -0.30530 -0.41121 1.58170 -1.77786 2.07969 -2.24604 3.36331 
Fopt: -138.87
F(Xopt): -138.87
