Fitness: 103.90824063408604
Objective: 0.05175936591395214
Individual: 3.15557 2.63238 3.33916 1.05005 -4.01633 -3.09901 1.61940 2.47059 -1.65864 3.18243 
Gradient: 0.00000 0.00000 0.00000 0.00000 -0.00000 -0.00000 0.00000 0.00000 -0.00000 0.00000 
Xopt: 1.84488 3.34971 3.34886 1.43646 -3.37290 -3.80149 1.59401 2.43950 -2.79014 3.39665 
Fopt: -103.96
F(Xopt): -103.96
