Fitness: 143.5918311280126
Objective: 85.6381688719874
Individual: 4.77057 3.80290 1.98307 1.57303 0.57743 1.36169 -0.32053 -1.55850 -0.05534 1.96958 -1.23692 0.01000 2.38532 -1.58849 -2.11227 0.42050 1.97164 -1.05442 -1.59253 -1.22546 0.02796 1.21474 -2.90483 -0.00716 3.86302 
Gradient: 5.84278 1.18264 4.01697 -4.62797 -4.55912 -5.07535 3.70841 3.68629 -4.00119 -3.25418 5.03795 -3.04649 -0.85642 3.91506 -2.75711 3.20278 -3.95572 -3.09997 -2.80082 4.75850 -1.26044 -3.19041 -1.46845 5.53472 0.30327 
Xopt: 1.84918 3.21158 -0.02542 3.88702 2.85699 3.89937 -2.17474 -3.40165 1.94526 3.59667 -3.75589 1.53324 2.81353 -3.54602 -0.73372 -1.18089 3.94949 0.49556 -0.19212 -3.60471 0.65818 2.80994 -2.17061 -2.77451 3.71138 
Fopt: -229.23
F(Xopt): -229.23
