Fitness: -60.981607557880935
Objective: 78.72160755788093
Individual: 0.57571 2.81405 1.58796 1.05005 1.25937 -1.45161 1.95524 0.63443 0.30706 -1.39666 1.04961 -2.74339 0.17409 -0.69983 1.07889 -0.15538 -1.34186 -0.40849 -1.68784 -2.91114 -0.43300 -0.23280 0.28687 -0.24040 0.23039 
Gradient: -2.53116 1.36512 -1.14558 0.64479 -4.35231 -1.13214 2.44121 -0.01204 0.75341 -9.25325 4.10023 0.96946 0.76898 0.64118 -0.55879 4.18639 3.66653 0.63021 2.74515 1.41987 1.87400 1.94740 7.36901 -5.96880 5.94103 
Xopt: 1.84129 2.13149 2.16075 0.72766 3.43553 -0.88554 0.73464 0.64045 -0.06965 3.22997 -1.00050 -3.22812 -0.21040 -1.02042 1.35829 -2.24858 -3.17513 -0.72359 -3.06041 -3.62107 -1.37000 -1.20650 -3.39764 2.74400 -2.74013 
Fopt: -17.74
F(Xopt): -17.74
