Fitness: 106.61862279026356
Objective: 122.82137720973644
Individual: -0.57694 3.02024 -2.06374 3.08095 -1.89474 -4.17706 -1.20398 0.59273 0.00378 3.55558 -0.28925 2.85568 0.59669 1.23072 4.49855 -2.64658 3.34718 -0.79100 -2.05212 1.44776 -1.33864 1.40957 -0.50431 0.19649 0.26911 
Gradient: -4.84507 2.05377 -1.70043 -0.19453 -7.12032 -5.98476 3.66027 -4.41314 6.67604 0.25118 -2.84434 1.15521 -0.23011 2.89385 12.92635 -3.41530 2.36320 2.89884 -1.11246 -2.97109 3.66835 3.75966 -1.37010 6.74336 -1.01953 
Xopt: 1.84559 1.99336 -1.21352 3.17822 1.66542 -1.18468 -3.03411 2.79930 -3.33424 3.42998 1.13292 2.27808 0.71174 -0.21620 -1.96463 -0.93893 2.16557 -2.24042 -1.49589 2.93331 -3.17281 -0.47026 0.18074 -3.17519 0.77887 
Fopt: -229.44
F(Xopt): -229.44
