Fitness: -1086.9146685153457
Objective: 86.91466851534574
Individual: 3.36315 -0.64017 1.25516 -1.85799 -0.05125 -2.98531 3.71701 2.41538 2.78193 -0.18923 -0.60196 -4.39975 0.96507 0.15508 -3.12403 2.28851 -1.14978 0.14838 1.05456 -3.31613 1.05311 2.25292 -3.06640 -0.28781 0.01353 
Gradient: 3.03225 0.15837 7.18687 -1.03945 -7.58659 1.93150 0.01474 -2.20708 -1.59126 -7.37177 0.44128 -6.35978 5.22522 0.20643 -0.10353 0.24845 -4.85784 5.78881 4.05789 -0.86847 -1.01295 -0.37780 1.78681 -0.94578 -3.87670 
Xopt: 1.84703 -0.71935 -2.33828 -1.33826 3.74205 -3.95106 3.70964 3.51892 3.57756 3.49666 -0.82261 -1.21986 -1.64754 0.05187 -3.07226 2.16429 1.27914 -2.74602 -0.97438 -2.88190 1.55958 2.44182 -3.95980 0.18508 1.95188 
Fopt: 1000.0
F(Xopt): 1000.0
