Fitness: -151.2002496154519
Objective: 64.4802496154519
Individual: 2.21887 3.72189 3.35189 -1.47842 0.93630 0.42634 1.07062 1.72385 -1.05745 2.07159 -0.79133 -1.45921 -0.67389 2.95991 0.16581 -1.12612 -2.99754 1.07658 -2.46872 0.79414 -0.92423 -2.04467 2.08578 -0.74999 0.02037 
Gradient: 0.74513 6.16977 2.25559 3.20320 4.46513 -2.01158 1.46571 -2.87053 5.64178 -2.78346 -1.89297 -3.97664 -0.41198 -1.91584 -2.63149 -3.47759 -1.43981 -0.86040 -2.46717 1.53686 -0.23524 1.93910 7.95062 1.49012 -2.69001 
Xopt: 1.84631 0.63700 2.22410 -3.08002 -1.29627 1.43213 0.33776 3.15911 -3.87834 3.46332 0.15516 0.52911 -0.46790 3.91783 1.48156 0.61268 -2.27764 1.50678 -1.23514 0.02570 -0.80661 -3.01422 -1.88953 -1.49505 1.36537 
Fopt: 86.72
F(Xopt): 86.72
