Fitness: -167.48594762342685
Objective: 117.59594762342685
Individual: 3.03956 -0.71555 -2.67268 -0.75518 -0.74461 2.57927 1.66387 0.44720 0.25445 0.68470 0.87169 1.72222 3.02473 -0.33480 2.48673 0.06485 -0.69142 -0.66335 1.25604 -0.61803 2.46073 -0.51127 0.59919 2.04763 1.64048 
Gradient: 2.38220 5.43303 1.58072 -5.80088 2.87343 2.59343 -1.57903 8.41732 -4.46981 -5.75727 7.29964 -3.11998 -1.93687 -1.30948 -2.66675 5.59470 -2.16827 5.17656 3.41783 0.15814 8.33750 4.26965 1.39906 -2.99544 -2.96880 
Xopt: 1.84846 -3.43206 -3.46304 2.14526 -2.18132 1.28256 2.45339 -3.76146 2.48936 3.56333 -2.77813 3.28221 3.99317 0.31994 3.82010 -2.73250 0.39271 -3.25163 -0.45288 -0.69710 -1.70802 -2.64610 -0.10034 3.54535 3.12488 
Fopt: 49.89
F(Xopt): 49.89
