Fitness: -1078.9100651023546
Objective: 78.91006510235457
Individual: 0.93534 -2.37587 1.03927 2.37690 -1.50307 -1.47685 0.18223 0.34520 1.10308 3.27332 -1.31993 -1.29414 -2.59487 -2.33590 -1.62758 -0.31204 -0.63019 -0.70104 -0.40094 2.38605 2.18129 -0.50030 -1.19640 0.43909 1.46466 
Gradient: -1.82481 -0.60032 -0.12014 3.94681 -4.56686 -0.28520 2.20143 -7.06707 -3.86076 -0.51334 0.96089 3.34936 0.46464 2.95640 -4.00300 -8.05587 5.06777 -3.40443 0.62538 0.35111 -3.48898 -0.79633 -6.33266 -2.85224 -2.14743 
Xopt: 1.84774 -2.07571 1.09934 0.40350 0.78036 -1.33425 -0.91849 3.87873 3.03346 3.52999 -1.80037 -2.96882 -2.82719 -3.81410 0.37392 3.71589 -3.16407 1.00117 -0.71363 2.21050 3.92578 -0.10214 1.96993 1.86522 2.53838 
Fopt: 1000.0
F(Xopt): 1000.0
