Fitness: -379.9499575021689
Objective: 87.10995750216892
Individual: -2.93527 3.95618 2.69757 -2.21705 -3.60096 -1.00632 0.24460 3.01855 -2.86561 2.41150 2.10500 -1.39695 1.82968 0.46494 1.44733 0.75596 -1.65863 1.42623 -1.41734 -0.96880 0.29095 0.90855 1.17538 2.25732 0.92601 
Gradient: -9.56029 1.21294 -1.30257 -7.30702 -0.45612 5.59034 -2.69883 1.15812 -0.15094 -1.97029 -0.01136 5.15202 -0.12340 -6.36964 -2.28373 6.49300 -0.53485 -1.17231 0.67861 2.38058 -4.34008 -2.33030 -2.15126 -1.77470 1.46728 
Xopt: 1.84488 3.34971 3.34886 1.43646 -3.37290 -3.80149 1.59401 2.43950 -2.79014 3.39665 2.11068 -3.97295 1.89139 3.64976 2.58919 -2.49054 -1.39121 2.01239 -1.75664 -2.15909 2.46099 2.07370 2.25101 3.14468 0.19237 
Fopt: 292.84
F(Xopt): 292.84
