Fitness: -150.2643860893828
Objective: 76.8643860893828
Individual: 0.19759 -2.05863 1.44042 -1.92518 -0.39070 1.36119 -1.71270 2.38454 -1.32989 2.05865 3.15192 -1.61089 1.77603 -2.43400 -1.26553 0.49033 1.47900 0.42917 -0.02972 -0.01234 1.29022 -0.10090 -1.12836 -2.40359 0.86186 
Gradient: -3.29314 2.47060 3.05836 -3.23976 0.04102 -0.44103 0.13032 0.60971 1.83230 -2.60932 0.12695 1.22620 -2.59000 -3.89945 -0.81707 -6.93505 -3.14601 4.32796 3.97536 -1.52170 2.39085 6.56289 5.10072 -7.73627 2.51198 
Xopt: 1.84416 -3.29393 -0.08876 -0.30530 -0.41121 1.58170 -1.77786 2.07969 -2.24604 3.36331 3.08845 -2.22399 3.07103 -0.48428 -0.85699 3.95786 3.05201 -1.73481 -2.01740 0.74851 0.09479 -3.38234 -3.67872 1.46454 -0.39413 
Fopt: 73.4
F(Xopt): 73.4
