Fitness: -173.93722362203357
Objective: 103.06722362203357
Individual: 3.99005 -0.07251 -1.49911 3.79882 -0.65643 2.30255 -2.61895 0.09107 0.63378 1.72958 0.40315 -1.27336 -0.31314 1.13685 -0.79503 -1.25098 2.00920 0.03504 0.33760 2.75427 -0.53601 0.05793 2.75085 -1.74786 0.78128 
Gradient: 4.29609 -1.69530 1.80502 2.65880 -2.26054 1.14256 2.54907 -1.81838 2.49506 -3.06745 4.76283 -8.59255 2.15381 -3.95353 4.80101 -1.10802 3.25509 -5.97713 6.27452 2.56590 -3.06441 7.61679 0.43752 3.65601 5.86982 
Xopt: 1.84201 0.77513 -2.40163 2.46942 0.47384 1.73127 -3.89349 1.00026 -0.61375 3.26330 -1.97827 3.02291 -1.39004 3.11362 -3.19553 -0.69697 0.38165 3.02360 -2.79966 1.47132 0.99620 -3.75046 2.53209 -3.57587 -2.15363 
Fopt: 70.87
F(Xopt): 70.87
