Fitness: -162.0082904059223
Objective: 104.42829040592231
Individual: -2.61292 1.75385 -3.66332 -3.65357 -2.52113 2.81432 -2.33173 -3.48698 0.78999 -2.36533 -1.58345 -1.67438 -1.39412 0.15265 -2.00371 0.50455 -3.17702 -0.93575 -1.04377 -0.42019 -1.99074 1.42266 -1.75120 1.27598 -0.25174 
Gradient: 0.00128 -0.00061 -0.00022 0.00078 0.00097 0.01574 0.01027 -0.00035 -0.00136 0.00565 0.00452 0.00783 -0.00190 0.00203 -0.01234 0.01516 0.01905 0.00875 -0.00126 0.00790 0.01244 0.01309 0.00621 -0.00135 0.00545 
Xopt: -7.91466 -4.11867 -4.88039 -4.87411 -4.10595 -5.55364 -4.29011 -6.12000 -4.07220 -7.14566 -5.38023 -6.12268 -4.75107 -5.77895 -5.43075 -6.38581 -7.87263 -6.52994 -5.47939 -7.75230 -7.36128 -7.94820 -5.22057 -7.53521 -4.37389 
Fopt: 57.58
F(Xopt): 115.49898708372383
