Fitness: 152.3078876817512
Objective: 104.4521123182488
Individual: -1.57534 0.84115 -1.10439 -3.39401 -4.26780 -0.27952 -0.91765 0.33088 -3.46121 -0.87747 0.21431 -3.84267 -3.86958 0.63642 -4.59084 -2.96782 -1.20957 -3.26537 2.03610 -4.12655 -3.52449 -2.15337 1.25211 0.95076 -2.74189 
Gradient: 0.00132 0.00411 0.00230 0.00250 0.00060 0.00256 0.00283 0.00255 0.00163 0.00261 0.00244 0.00214 0.00198 0.00291 0.00052 0.00109 0.00157 0.00125 0.00436 0.00075 0.00127 0.00285 0.00311 0.00400 0.00226 
Xopt: -7.48604 -4.88351 -5.39028 -6.20695 -5.58903 -5.82638 -6.85776 -4.65537 -4.83973 -7.61174 -4.33006 -4.21028 -7.02986 -6.36804 -4.61424 -6.33205 -6.46418 -7.47946 -6.39333 -7.16046 -7.54037 -4.36128 -6.87298 -7.05062 -4.21960 
Fopt: -256.76
F(Xopt): -200.83498115480324
