Fitness: -394.1111731683785
Objective: 104.27117316837854
Individual: -4.01444 -3.50135 -3.19594 -0.40242 -0.88033 -2.86969 0.73894 -2.05278 -0.70961 -4.94102 -1.51616 -2.79924 -3.09895 1.08817 -2.43250 -3.13918 -3.30113 2.56802 -2.75277 -2.89492 -3.81435 -2.93600 -0.63170 -3.55496 -2.61724 
Gradient: 0.02459 0.03164 0.01935 0.04041 0.02764 0.04058 0.04434 0.03719 0.03184 0.00845 0.01521 0.03000 0.02316 0.04159 0.02359 0.00641 0.01841 0.05522 0.02046 0.02844 -0.00786 0.01816 0.01859 0.02262 0.00810 
Xopt: -4.62398 -4.12946 -5.39364 -7.56837 -5.86836 -4.50885 -6.00009 -5.41189 -7.82877 -5.30567 -5.28028 -4.36293 -6.91939 -5.84132 -4.41213 -4.59766 -4.49428 -7.93082 -5.86421 -6.30803 -7.45955 -6.77196 -6.31573 -4.62967 -4.35460 
Fopt: 289.84
F(Xopt): 333.0490080524203
