Fitness: -159.53283282736749
Objective: 104.45283282736749
Individual: -1.27131 -0.19894 -3.84496 -4.87367 3.21269 1.92315 -2.61681 -1.46551 0.34815 -0.18574 -1.45247 -3.92216 -0.05487 -3.15788 1.25158 0.06850 -0.77743 -2.27184 -0.89765 -1.35194 -0.33270 -0.11139 -2.07215 1.76438 -3.72099 
Gradient: 0.00204 0.00250 0.00148 0.00277 0.00316 0.00296 0.00148 0.00013 0.00112 0.00266 0.00309 0.00109 -0.00012 0.00196 0.00310 0.00253 0.00085 0.00315 0.00114 0.00260 0.00285 0.00190 0.00298 0.00148 0.00179 
Xopt: -5.52300 -5.27939 -4.18860 -5.95537 -5.06432 -7.41831 -6.63558 -4.08279 -4.69446 -4.71458 -4.02011 -4.82796 -5.64577 -4.54275 -4.88943 -5.46267 -7.86996 -7.01155 -7.73961 -4.19665 -6.83310 -5.04897 -6.79795 -7.54647 -6.89988 
Fopt: 55.08
F(Xopt): 101.98073280621082
