Fitness: -196.90228383633718
Objective: 104.31228383633717
Individual: -2.02002 -0.51248 -2.04527 -2.39467 -1.24997 0.37890 -0.70903 -2.48344 2.78884 -2.64636 -3.11898 -1.39403 -3.62790 0.46487 -2.81884 -3.19520 -0.36809 -3.13764 -0.50293 -0.16930 -0.26975 1.75726 -1.97669 -3.49592 -2.20903 
Gradient: 0.01616 0.02877 -0.00119 -0.00323 0.02911 0.01918 0.02872 0.01943 0.03308 -0.02684 0.01935 0.02926 0.03822 0.01705 0.03818 0.00800 0.05472 0.01986 0.02318 -0.00075 0.03125 0.00827 0.03650 0.04896 -0.00108 
Xopt: -5.14243 -6.16842 -6.81780 -6.99960 -6.23050 -4.51559 -6.80892 -5.31460 -4.21002 -6.86327 -6.52437 -4.38217 -5.33509 -5.45559 -7.37873 -5.18264 -5.75847 -6.20872 -4.48959 -5.28074 -5.96994 -5.37990 -5.80759 -6.51422 -5.03300 
Fopt: 92.59
F(Xopt): 124.11698988371748
