Fitness: -48.41157839785121
Objective: 104.40157839785121
Individual: -2.10846 -1.14667 -3.25377 -3.22934 -2.48388 -3.00950 -0.54109 -3.78870 -4.08181 -3.31475 0.38726 0.94131 0.12339 -1.55563 -0.77971 -1.43527 -3.18631 2.77112 -2.85714 -2.43985 -1.25348 -1.41941 0.09716 -3.64525 -2.26429 
Gradient: 0.00857 0.00330 0.00743 0.00024 0.00457 0.01088 0.01385 0.01327 -0.00438 0.00393 0.01879 0.00977 0.00907 0.00729 0.00325 0.00888 0.01053 0.02741 0.00342 0.00576 0.01944 0.00308 0.01365 0.00612 0.00795 
Xopt: -7.99775 -5.86647 -5.21663 -7.64547 -5.53033 -4.21827 -7.21214 -5.29352 -4.27836 -6.60171 -4.37442 -6.57938 -7.85217 -4.97398 -5.60924 -7.15459 -4.87497 -5.38178 -7.49253 -7.46059 -6.18643 -7.61556 -6.83110 -7.31746 -6.04850 
Fopt: -55.99
F(Xopt): 14.746567938143748
