Fitness: -15.442520497331387
Objective: 104.46252049733138
Individual: 1.62407 -3.86434 -4.42457 0.18108 -1.51190 1.60233 -3.32709 0.88688 -4.15087 -2.75460 -0.52473 -3.58036 -2.29491 1.28954 0.42826 -2.46470 -0.85975 -3.02335 0.72264 -1.69551 -2.61189 -2.45602 -2.04966 -1.11882 1.53442 
Gradient: 0.00067 0.00036 0.00085 -0.00017 0.00045 0.00147 -0.00043 0.00153 -0.00059 0.00085 0.00094 -0.00051 0.00052 -0.00004 0.00072 0.00051 0.00112 0.00050 0.00129 0.00014 0.00129 0.00044 -0.00003 0.00040 0.00003 
Xopt: -7.62120 -5.95061 -7.43023 -5.47157 -4.08461 -4.78774 -7.55774 -4.54804 -4.52235 -5.48584 -4.75755 -4.02823 -7.93838 -4.67058 -4.87780 -7.92754 -6.44437 -7.57871 -5.42224 -6.69959 -5.82240 -5.00815 -6.84171 -6.20405 -7.98241 
Fopt: -89.02
F(Xopt): -24.918946919677595
