Fitness: -341.96836835625896
Objective: 104.32836835625898
Individual: -3.68170 2.62678 -1.03849 0.56914 1.79121 2.89134 -4.10774 0.67433 -3.05798 1.47095 -0.91811 -1.98076 -0.29983 -2.57558 -3.08789 -0.17566 -1.42035 -0.37013 -3.50931 0.59100 -3.01716 -1.23220 -1.62414 -2.80722 -1.50641 
Gradient: -0.00547 0.01116 0.01156 0.02870 0.02219 0.04153 0.00895 0.03321 -0.02597 0.02534 0.03785 -0.00391 0.01005 0.01406 0.01273 0.03040 0.01253 0.00063 0.00077 0.02811 -0.00539 0.00560 0.00003 0.02791 -0.01087 
Xopt: -7.19946 -6.19133 -4.67486 -6.63896 -6.68951 -5.19340 -6.97462 -5.23603 -6.97222 -6.10398 -5.16456 -7.43574 -5.99027 -4.09966 -5.28299 -6.89484 -5.49207 -4.21582 -4.08549 -7.94688 -4.61274 -7.71310 -6.97876 -4.41552 -4.54572 
Fopt: 237.64
F(Xopt): 289.3518799825091
