Fitness: -50.601386897397504
Objective: 104.4613868973975
Individual: -4.54046 0.56493 -1.45437 1.76289 -4.50281 1.49710 0.63036 -3.20507 -4.01802 0.49392 0.22467 -0.13854 -0.00550 -0.26291 -2.18290 -2.99905 -2.92138 3.68078 -1.57382 -2.61166 0.30796 -3.10328 -1.33926 -3.73555 0.90012 
Gradient: 0.00116 0.00051 0.00173 -0.00058 -0.00098 0.00156 0.00169 -0.00001 0.00129 -0.00035 0.00005 0.00151 -0.00000 0.00145 -0.00001 0.00245 0.00067 0.00144 0.00009 0.00081 0.00166 0.00274 -0.00036 -0.00050 0.00093 
Xopt: -5.38358 -7.48410 -5.03039 -4.46143 -4.57309 -7.14233 -6.86167 -4.22387 -6.42961 -7.90496 -7.25081 -7.42148 -5.01846 -5.80082 -6.40399 -6.57675 -7.45156 -4.86534 -7.70202 -7.53993 -7.98748 -7.89252 -7.94962 -5.95675 -6.75368 
Fopt: -53.86
F(Xopt): 36.7703811852537
