Fitness: -190.83317256188656
Objective: 104.44317256188656
Individual: -3.58187 -3.25891 -2.31325 -1.67744 -2.30396 -2.48008 -1.33084 -1.20945 -1.22425 -3.20135 -0.72384 -3.51543 -3.00064 -1.54232 0.06338 -2.39646 2.66958 -3.78608 -2.57983 -1.31416 -0.49059 -1.70566 -2.58911 1.10730 -1.77923 
Gradient: 0.00638 0.00447 -0.00168 0.00257 0.00269 0.00301 0.00293 0.00238 0.00204 0.00311 0.00472 -0.00356 0.00669 0.00887 0.00354 0.00548 0.00269 0.00046 0.00446 -0.00115 0.00590 0.00699 0.00423 0.00949 0.00408 
Xopt: -6.17860 -7.53674 -5.71767 -7.11756 -5.83271 -7.42229 -7.45563 -7.63210 -7.77239 -4.62842 -6.88782 -7.40186 -4.58961 -6.85110 -5.41709 -5.09834 -7.82362 -7.28618 -7.99643 -6.70755 -4.75199 -5.16320 -7.93185 -5.43154 -6.14609 
Fopt: 86.39
F(Xopt): 174.57723229049935
