Fitness: -36.45503476960804
Objective: 5.465034769608042
Individual: -0.60726 2.95941 2.93667 0.84606 2.37430 -0.72914 -0.41508 -0.90434 1.05332 1.40562 
Gradient: -0.12231 1.77924 2.21566 -2.16882 2.22178 -2.50445 -1.05884 3.87550 -1.22036 2.93344 
Xopt: 1.84129 2.13149 2.16075 0.72766 3.43553 -0.88554 0.73464 0.64045 -0.06965 3.22997 
Fopt: 30.99
F(Xopt): 30.99
