Fitness: -57.254364765790925
Objective: 7.524364765790928
Individual: 1.67952 0.19465 -1.99541 2.25120 -0.90696 -2.93449 -2.27457 3.04564 -0.97609 2.15384 
Gradient: -0.91760 -3.36660 3.17252 -2.54623 -2.15468 2.97060 -0.19301 -4.05356 1.05559 0.62387 
Xopt: 1.84559 1.99336 -1.21352 3.17822 1.66542 -1.18468 -3.03411 2.79930 -3.33424 3.42998 
Fopt: 49.73
F(Xopt): 49.73
