Fitness: 99.94632943942395
Objective: 4.013670560576045
Individual: 0.74004 4.00908 2.90661 1.82671 -4.03582 -2.44215 0.92831 1.69265 -0.94590 1.71545 
Gradient: 0.07339 2.17225 0.53676 2.75815 -0.00062 -3.83927 -8.86860 -4.73986 -0.30963 0.61102 
Xopt: 1.84488 3.34971 3.34886 1.43646 -3.37290 -3.80149 1.59401 2.43950 -2.79014 3.39665 
Fopt: -103.96
F(Xopt): -103.96
