Fitness: -67.97442517170931
Objective: 7.334425171709313
Individual: 0.07717 -0.19389 0.43464 0.91129 0.37147 -0.16577 -1.31412 1.17881 3.14394 1.71007 
Gradient: -2.89615 -0.08762 -9.27303 0.20593 -1.21777 0.06854 -0.58846 0.52265 1.31022 6.12250 
Xopt: 1.84774 -2.07571 1.09934 0.40350 0.78036 -1.33425 -0.91849 3.87873 3.03346 3.52999 
Fopt: 60.64
F(Xopt): 60.64
