Fitness: 132.57566524278093
Objective: 6.294334757219076
Individual: 2.91477 -3.94004 -1.14854 -0.29738 -0.66175 -0.72511 -1.00331 0.74493 -1.13086 3.21185 
Gradient: -0.51232 -4.35790 -0.82936 -1.31781 1.42963 0.05090 0.42304 0.76284 0.92305 -0.23150 
Xopt: 1.84416 -3.29393 -0.08876 -0.30530 -0.41121 1.58170 -1.77786 2.07969 -2.24604 3.36331 
Fopt: -138.87
F(Xopt): -138.87
