Fitness: -34.61122418801587
Objective: 5.2912241880158675
Individual: 1.00420 0.98464 2.14835 -3.15727 -0.01404 0.26319 0.35745 3.64750 -1.92383 0.93992 
Gradient: 1.59683 -15.23926 7.69616 7.02385 -0.00039 -0.42574 3.73618 2.83936 -6.94036 0.33680 
Xopt: 1.84631 0.63700 2.22410 -3.08002 -1.29627 1.43213 0.33776 3.15911 -3.87834 3.46332 
Fopt: 29.32
F(Xopt): 29.32
