Fitness: -65.76871658721412
Objective: 3.6387165872141125
Individual: 0.29682 3.23379 -1.58806 2.93505 1.30945 2.87614 -0.29425 -3.10536 4.09648 2.62916 
Gradient: -29.87791 -18.33021 18.32218 1.59900 0.03733 -63.72259 15.77716 -6.48527 -52.94247 -8.42369 
Xopt: 1.84918 3.21158 -0.02542 3.88702 2.85699 3.89937 -2.17474 -3.40165 1.94526 3.59667 
Fopt: 62.13
F(Xopt): 62.13
