Fitness: -75.92012763256427
Objective: 8.490127632564267
Individual: 2.87377 -2.27941 -0.81573 2.07366 1.67928 -3.76478 2.88144 0.86164 1.64870 3.97995 
Gradient: 0.61868 -4.22970 2.96066 -2.46887 -1.00453 -0.00133 -1.52485 3.38608 -2.23913 0.02803 
Xopt: 1.84703 -0.71935 -2.33828 -1.33826 3.74205 -3.95106 3.70964 3.51892 3.57756 3.49666 
Fopt: 67.43
F(Xopt): 67.43
