Fitness: 59.452018667034615
Objective: 5.987981332965383
Individual: 0.95833 1.65594 -1.44912 1.70548 0.78583 0.96849 -2.95188 -1.93633 -0.77930 2.95678 
Gradient: 2.74302 4.84148 -2.59194 2.86158 2.22680 -1.46869 -9.97109 -0.40760 -3.68784 4.74600 
Xopt: 1.84201 0.77513 -2.40163 2.46942 0.47384 1.73127 -3.89349 1.00026 -0.61375 3.26330 
Fopt: -65.44
F(Xopt): -65.44
