Fitness: 5.746649836378652
Objective: 6.333350163621348
Individual: 1.71185 -2.77054 -3.10257 1.59925 -1.40555 0.37560 2.67267 -2.12291 2.62159 1.71738 
Gradient: 4.53550 -9.65511 3.54067 -5.16740 -0.05887 -0.82643 -1.28221 -2.49036 0.36687 0.93221 
Xopt: 1.84846 -3.43206 -3.46304 2.14526 -2.18132 1.28256 2.45339 -3.76146 2.48936 3.56333 
Fopt: -12.08
F(Xopt): -12.08
