Fitness: 103.95999994891106
Objective: 5.1088932195852976E-8
Individual: 1.84472 3.34956 3.34891 1.43646 -3.37289 -3.80149 1.59401 2.43950 -2.79014 3.39665 
Gradient: -0.00031 -0.00031 0.00011 0.00000 0.00002 -0.00000 0.00000 0.00000 -0.00000 0.00000 
Xopt: 1.84488 3.34971 3.34886 1.43646 -3.37290 -3.80149 1.59401 2.43950 -2.79014 3.39665 
Fopt: -103.96
F(Xopt): -103.96
