Fitness: -67.4300000448078
Objective: 4.480779125515255E-8
Individual: 1.84703 -0.71936 -2.33845 -1.33826 3.74205 -3.95095 3.70964 3.51899 3.57756 3.49666 
Gradient: 0.00000 -0.00002 -0.00033 -0.00000 0.00000 0.00023 0.00000 0.00014 0.00000 0.00000 
Xopt: 1.84703 -0.71935 -2.33828 -1.33826 3.74205 -3.95106 3.70964 3.51892 3.57756 3.49666 
Fopt: 67.43
F(Xopt): 67.43
