Fitness: 138.86999999563872
Objective: 4.3612828903860645E-9
Individual: 1.84416 -3.29393 -0.08875 -0.30530 -0.41121 1.58170 -1.77781 2.07969 -2.24601 3.36331 
Gradient: 0.00000 -0.00000 0.00003 -0.00000 0.00000 0.00000 0.00010 0.00000 0.00008 0.00000 
Xopt: 1.84416 -3.29393 -0.08876 -0.30530 -0.41121 1.58170 -1.77786 2.07969 -2.24604 3.36331 
Fopt: -138.87
F(Xopt): -138.87
