Fitness: -60.64000010687829
Objective: 1.0687828932987031E-7
Individual: 1.84793 -2.07571 1.09934 0.40350 0.78036 -1.33425 -0.91822 3.87873 3.03346 3.52998 
Gradient: 0.00038 0.00000 0.00000 0.00001 0.00000 -0.00000 0.00053 0.00000 0.00000 -0.00002 
Xopt: 1.84774 -2.07571 1.09934 0.40350 0.78036 -1.33425 -0.91849 3.87873 3.03346 3.52999 
Fopt: 60.64
F(Xopt): 60.64
