Fitness: -62.1300002277041
Objective: 2.2770409913164258E-7
Individual: 1.84918 3.21175 -0.02542 3.88702 2.85690 3.89937 -2.17474 -3.40209 1.94526 3.59667 
Gradient: 0.00000 0.00034 -0.00000 0.00000 -0.00019 0.00000 -0.00000 -0.00087 0.00000 0.00000 
Xopt: 1.84918 3.21158 -0.02542 3.88702 2.85699 3.89937 -2.17474 -3.40165 1.94526 3.59667 
Fopt: 62.13
F(Xopt): 62.13
