Fitness: -62.24761241777667
Objective: 1.6076124177766715
Individual: 1.13305 -0.23020 -2.54174 -0.23841 1.64251 -0.49650 0.12662 3.31901 3.94928 -0.08703 
Gradient: 0.00000 -0.00000 -0.00000 -0.00000 0.00000 -0.00000 0.00000 0.00000 0.00000 -0.00000 
Xopt: 1.84774 -2.07571 1.09934 0.40350 0.78036 -1.33425 -0.91849 3.87873 3.03346 3.52999 
Fopt: 60.64
F(Xopt): 60.64
