Fitness: -63.284730010928676
Objective: 1.1547300109286738
Individual: 3.46155 0.48360 -4.53656 0.00000 2.07403 0.79571 -1.60815 -0.33398 1.35907 3.60896 
Gradient: 0.00000 0.00000 -0.00000 NaN 0.00000 0.00000 -0.00000 -0.00000 0.00000 0.00000 
Xopt: 1.84918 3.21158 -0.02542 3.88702 2.85699 3.89937 -2.17474 -3.40165 1.94526 3.59667 
Fopt: 62.13
F(Xopt): 62.13
