Fitness: 63.46791279903931
Objective: 1.9720872009606865
Individual: -0.64970 -0.79360 -2.08922 1.65173 2.10798 1.99891 -3.80813 -0.62464 -1.15644 2.68693 
Gradient: -0.00000 -0.00000 -0.00000 0.00000 0.00000 0.00000 -0.00000 -0.00000 -0.00000 0.00000 
Xopt: 1.84201 0.77513 -2.40163 2.46942 0.47384 1.73127 -3.89349 1.00026 -0.61375 3.26330 
Fopt: -65.44
F(Xopt): -65.44
