Fitness: 60.02622675110169
Objective: 5.413773248898309
Individual: -1.61347 -0.26617 -3.59756 1.35430 1.45832 2.05479 -4.07131 -0.48710 -1.73518 2.35320 
Gradient: -0.00000 -0.00000 -0.00000 0.00000 0.00000 0.00000 -0.00000 -0.00000 -0.00000 0.00000 
Xopt: 1.84201 0.77513 -2.40163 2.46942 0.47384 1.73127 -3.89349 1.00026 -0.61375 3.26330 
Fopt: -65.44
F(Xopt): -65.44
