Fitness: -65.18195680697153
Objective: 3.051956806971525
Individual: 3.63818 -0.84404 -4.14055 -1.56558 0.24596 0.21064 -0.45425 0.48539 2.73655 2.49817 
Gradient: 0.00000 -0.00000 -0.00000 -0.00000 0.00000 0.00000 -0.00000 0.00000 0.00000 0.00000 
Xopt: 1.84918 3.21158 -0.02542 3.88702 2.85699 3.89937 -2.17474 -3.40165 1.94526 3.59667 
Fopt: 62.13
F(Xopt): 62.13
