Fitness: -31.094731710782693
Objective: 1.7747317107826923
Individual: 0.85263 1.76462 4.49221 -5.00000 1.13239 0.49483 3.86470 4.42014 -0.36204 3.56661 
Gradient: 0.00000 0.00000 0.00000 -0.00000 0.00000 0.00000 0.00000 0.00000 -0.00000 0.00000 
Xopt: 1.84631 0.63700 2.22410 -3.08002 -1.29627 1.43213 0.33776 3.15911 -3.87834 3.46332 
Fopt: 29.32
F(Xopt): 29.32
