Fitness: -31.83235875730248
Objective: 0.8423587573024811
Individual: 0.00000 0.00000 4.84137 0.61002 2.23496 -1.36802 2.65638 0.00000 0.00000 4.34751 
Gradient: NaN NaN 0.00000 0.00000 0.00000 -0.00000 0.00000 NaN NaN 0.00000 
Xopt: 1.84129 2.13149 2.16075 0.72766 3.43553 -0.88554 0.73464 0.64045 -0.06965 3.22997 
Fopt: 30.99
F(Xopt): 30.99
