Fitness: -52.401141666110554
Objective: 2.6711416661105574
Individual: 0.52073 0.43779 -1.75629 4.64213 0.23894 -2.67940 -2.72929 2.51394 -1.15752 2.63246 
Gradient: 0.00000 0.00000 -0.00000 0.00000 0.00000 -0.00000 -0.00000 0.00000 -0.00000 0.00000 
Xopt: 1.84559 1.99336 -1.21352 3.17822 1.66542 -1.18468 -3.03411 2.79930 -3.33424 3.42998 
Fopt: 49.73
F(Xopt): 49.73
