Fitness: 96.72055218159097
Objective: 7.239447818409019
Individual: 1.40652 2.06384 4.50924 0.80832 -4.73243 -3.32065 0.77370 3.67816 -1.12171 1.83949 
Gradient: 0.00000 0.00000 0.00000 0.00000 -0.00000 -0.00000 0.00000 0.00000 -0.00000 0.00000 
Xopt: 1.84488 3.34971 3.34886 1.43646 -3.37290 -3.80149 1.59401 2.43950 -2.79014 3.39665 
Fopt: -103.96
F(Xopt): -103.96
