Fitness: 61.3363743734694
Objective: 4.103625626530601
Individual: 0.00000 0.00000 0.00000 1.96387 3.37460 0.00000 -4.54745 3.51805 -4.67757 1.41344 
Gradient: NaN NaN NaN 0.00000 0.00000 NaN -0.00000 0.00000 -0.00000 0.00000 
Xopt: 1.84201 0.77513 -2.40163 2.46942 0.47384 1.73127 -3.89349 1.00026 -0.61375 3.26330 
Fopt: -65.44
F(Xopt): -65.44
