Fitness: -68.83608045470369
Objective: 1.4060804547036838
Individual: 4.45102 -4.41268 -0.44672 3.91994 -0.07746 -4.06141 0.00000 3.87283 3.90098 3.07119 
Gradient: 0.00000 -0.00000 -0.00000 0.00000 -0.00000 -0.00000 NaN 0.00000 0.00000 0.00000 
Xopt: 1.84703 -0.71935 -2.33828 -1.33826 3.74205 -3.95106 3.70964 3.51892 3.57756 3.49666 
Fopt: 67.43
F(Xopt): 67.43
