Fitness: -65.69595646156559
Objective: 3.565956461565584
Individual: 3.63818 -0.78366 -4.53656 -2.81436 1.48822 -1.65121 -2.39819 0.92656 1.97323 1.39504 
Gradient: 0.00000 -0.00000 -0.00000 -0.00000 0.00000 -0.00000 -0.00000 0.00000 0.00000 0.00000 
Xopt: 1.84918 3.21158 -0.02542 3.88702 2.85699 3.89937 -2.17474 -3.40165 1.94526 3.59667 
Fopt: 62.13
F(Xopt): 62.13
