Fitness: 137.6605704600944
Objective: 1.2094295399056136
Individual: -1.62708 -1.80087 -2.98924 2.03681 1.84569 1.60499 0.74369 -1.88879 0.64610 3.67118 
Gradient: -0.00000 -0.00000 -0.00000 0.00000 0.00000 0.00000 0.00000 -0.00000 0.00000 0.00000 
Xopt: 1.84416 -3.29393 -0.08876 -0.30530 -0.41121 1.58170 -1.77786 2.07969 -2.24604 3.36331 
Fopt: -138.87
F(Xopt): -138.87
