Fitness: 138.02200591513503
Objective: 0.847994084864979
Individual: 0.00000 -1.39069 -3.78626 2.02935 2.89905 0.00000 0.00000 -1.02620 0.09597 3.94575 
Gradient: NaN -0.00000 -0.00000 0.00000 0.00000 NaN NaN -0.00000 0.00000 0.00000 
Xopt: 1.84416 -3.29393 -0.08876 -0.30530 -0.41121 1.58170 -1.77786 2.07969 -2.24604 3.36331 
Fopt: -138.87
F(Xopt): -138.87
