Fitness: 101.98404069358763
Objective: 1.9759593064123635
Individual: 2.65556 2.06384 3.30402 0.42493 -4.73243 -3.32065 0.77370 2.92383 -2.56211 4.09405 
Gradient: 0.00000 0.00000 0.00000 0.00000 -0.00000 -0.00000 0.00000 0.00000 -0.00000 0.00000 
Xopt: 1.84488 3.34971 3.34886 1.43646 -3.37290 -3.80149 1.59401 2.43950 -2.79014 3.39665 
Fopt: -103.96
F(Xopt): -103.96
