Fitness: -61.901900541015905
Objective: 1.2619005410159048
Individual: 1.24543 -0.15137 -2.36097 -1.49960 2.84379 -0.66949 0.00000 1.61739 4.72930 1.22683 
Gradient: 0.00000 -0.00000 -0.00000 -0.00000 0.00000 -0.00000 NaN 0.00000 0.00000 0.00000 
Xopt: 1.84774 -2.07571 1.09934 0.40350 0.78036 -1.33425 -0.91849 3.87873 3.03346 3.52999 
Fopt: 60.64
F(Xopt): 60.64
