Fitness: 10.228424057914571
Objective: 1.8515759420854287
Individual: 4.44638 -2.63395 -4.12738 4.18580 0.00000 0.19768 0.00000 -3.20935 3.88383 4.61504 
Gradient: 0.00000 -0.00000 -0.00000 0.00000 NaN 0.00000 NaN -0.00000 0.00000 0.00000 
Xopt: 1.84846 -3.43206 -3.46304 2.14526 -2.18132 1.28256 2.45339 -3.76146 2.48936 3.56333 
Fopt: -12.08
F(Xopt): -12.08
