Fitness: -342.0543596274529
Objective: 104.41435962745294
Individual: -4.32050 -4.61854 -3.61226 -3.58875 -4.19704 -0.55222 -1.19364 -4.23360 -1.50716 -1.26564 1.76660 -1.71463 -2.87970 -3.50549 -3.07278 -2.48827 -1.23834 -1.67138 -2.21117 -0.12618 -2.48466 -2.24623 0.17198 -1.21027 -1.00664 
Gradient: 0.00395 0.00293 0.00749 0.00187 0.00272 0.00736 0.01215 0.00225 0.00568 0.00750 0.01718 0.00757 0.00563 0.00430 0.00209 0.00344 0.00596 0.01175 0.00574 0.01116 0.01061 0.00893 0.01288 0.01394 0.00942 
Xopt: -5.19340 -6.97462 -5.23603 -6.97222 -6.10398 -5.16456 -7.43574 -5.99027 -4.09966 -5.28299 -6.89484 -5.49207 -4.21582 -4.08549 -7.94688 -4.61274 -7.71310 -6.97876 -4.41552 -4.54572 -7.30725 -6.67003 -5.75347 -4.06976 -7.72491 
Fopt: 237.64
F(Xopt): 293.6596230334048
