Fitness: -162.022725709376
Objective: 104.442725709376
Individual: -1.02596 -1.64539 -3.37349 -2.39138 -3.04790 -1.09987 -2.80626 1.43171 0.54602 -3.87058 0.22684 2.69432 -0.27420 -2.47562 -2.95555 -3.74777 0.44114 -2.78277 -0.18156 -4.30252 -3.27498 -3.54495 -4.83735 3.29169 -3.82132 
Gradient: -0.00034 0.00432 -0.00287 0.00102 0.00721 0.00166 0.00030 0.00404 -0.00353 0.00464 0.00708 0.00732 0.00577 0.00763 -0.00021 0.00960 0.00067 0.00479 0.01128 -0.00247 0.00517 0.00415 0.00320 0.00474 0.00146 
Xopt: -6.89489 -5.79320 -7.13774 -6.44994 -6.42116 -5.22891 -6.87969 -7.53955 -7.57990 -6.33587 -5.25383 -6.76982 -7.02684 -5.46164 -4.16958 -6.76222 -5.98224 -5.19535 -5.81774 -5.56316 -4.15228 -4.25284 -7.63899 -4.81182 -6.29015 
Fopt: 57.58
F(Xopt): 110.20791704171825
