Fitness: -394.2945127350005
Objective: 104.45451273500055
Individual: -1.88535 -1.91705 -0.53164 -4.86404 -4.56239 -1.79845 -4.66545 -2.89139 -2.19542 -2.08152 -3.59068 -1.02719 -1.84351 -3.72547 0.03686 -1.33921 1.08712 -3.91311 1.15759 -0.89860 0.78286 -0.17107 -1.32756 0.74002 -1.89150 
Gradient: 0.00247 0.00041 0.00066 -0.00084 0.00364 0.00307 0.00504 0.00452 0.00186 0.00383 0.00173 0.00298 0.00156 -0.00119 0.00298 -0.00112 0.00334 0.00105 0.00410 0.00173 0.00170 0.00212 0.00382 -0.00111 0.00088 
Xopt: -6.15191 -4.46783 -7.58421 -5.68555 -7.45537 -7.03264 -7.34515 -7.75813 -5.60071 -7.88486 -6.04726 -5.45320 -4.42247 -7.25738 -5.21719 -5.96200 -4.40431 -4.62398 -4.12946 -5.39364 -7.56837 -5.86836 -4.50885 -6.00009 -5.41189 
Fopt: 289.84
F(Xopt): 346.3117176893687
