Fitness: -48.475066733149355
Objective: 104.46506673314936
Individual: -3.69528 2.98675 1.01880 0.04530 -2.50975 -1.45530 -1.30186 -4.53527 0.72639 1.29124 -0.76734 -1.10420 -3.39606 2.62617 -3.64267 2.96892 -1.33955 0.00536 -1.22733 0.91097 -1.88715 -1.83252 -2.51331 -1.20593 -1.77629 
Gradient: 0.00011 0.00027 0.00025 0.00024 0.00021 0.00048 0.00038 0.00018 0.00025 0.00014 0.00008 0.00014 0.00032 0.00030 0.00005 0.00013 0.00018 0.00000 0.00026 0.00038 0.00008 0.00031 0.00020 0.00018 0.00015 
Xopt: -5.36683 -4.75958 -6.94274 -7.57807 -7.26780 -7.99775 -5.86647 -5.21663 -7.64547 -5.53033 -4.21827 -7.21214 -5.29352 -4.27836 -6.60171 -4.37442 -6.57938 -7.85217 -4.97398 -5.60924 -7.15459 -4.87497 -5.38178 -7.49253 -7.46059 
Fopt: -55.99
F(Xopt): 12.373084430030978
