Fitness: -197.046313225586
Objective: 104.456313225586
Individual: -0.49845 -0.97795 -3.26518 -0.32213 -2.00558 2.08397 1.39879 -4.00901 -1.84228 -4.13543 -3.00191 1.12063 -1.41789 -1.34138 -3.00977 1.65380 -1.65313 2.88117 -1.16825 -4.80262 -3.12761 -3.71838 -1.16212 -3.43578 -3.65550 
Gradient: 0.00010 0.00152 0.00228 0.00210 0.00214 0.00187 0.00232 0.00159 0.00189 0.00101 0.00005 0.00341 0.00137 0.00360 0.00133 0.00193 0.00276 0.00199 0.00258 -0.00038 0.00083 0.00161 0.00011 0.00014 0.00079 
Xopt: -4.92980 -6.14768 -7.19133 -5.14243 -6.16842 -6.81780 -6.99960 -6.23050 -4.51559 -6.80892 -5.31460 -4.21002 -6.86327 -6.52437 -4.38217 -5.33509 -5.45559 -7.37873 -5.18264 -5.75847 -6.20872 -4.48959 -5.28074 -5.96994 -5.37990 
Fopt: 92.59
F(Xopt): 127.2899449995123
