Fitness: -50.59260665589578
Objective: 104.45260665589578
Individual: -4.51443 -2.03063 -1.67343 -1.44975 -3.02725 -2.36901 3.29172 -3.34892 -3.43449 -0.79184 -1.37501 -3.06486 -1.53717 1.11172 -1.33833 1.82322 -2.36040 -2.87056 -1.77756 -1.97382 -2.97428 3.29727 -2.50883 -2.39736 -3.02823 
Gradient: 0.00020 0.00174 0.00168 0.00337 0.00236 0.00169 0.00311 0.00211 0.00127 0.00426 0.00190 0.00053 0.00364 0.00397 0.00226 0.00423 -0.00040 0.00045 0.00193 0.00234 0.00053 0.00404 0.00031 0.00080 0.00139 
Xopt: -5.46953 -6.70808 -7.69108 -5.21014 -6.39161 -5.38358 -7.48410 -5.03039 -4.46143 -4.57309 -7.14233 -6.86167 -4.22387 -6.42961 -7.90496 -7.25081 -7.42148 -5.01846 -5.80082 -6.40399 -6.57675 -7.45156 -4.86534 -7.70202 -7.53993 
Fopt: -53.86
F(Xopt): 19.14839071354801
