Fitness: -15.406843976334471
Objective: 104.42684397633447
Individual: -2.20692 -0.81461 -2.63544 -0.16590 -3.37033 -2.76517 -1.91204 -3.48076 0.50563 -2.62782 -3.32037 -1.22711 -1.49484 0.37731 -1.55759 -2.66949 -1.45420 0.65000 -0.23417 0.84266 -1.01141 -1.00096 -2.42098 -1.49418 1.25841 
Gradient: 0.00664 0.01110 0.01689 0.00243 0.00685 -0.00242 0.00394 0.00103 0.00918 -0.00597 0.00799 0.00649 0.00291 0.00548 -0.00458 0.01081 0.01551 -0.00166 0.00525 0.01878 0.00196 0.00618 0.01339 0.00885 0.00534 
Xopt: -5.38542 -5.12606 -5.26216 -6.34809 -5.63756 -5.38693 -4.84553 -5.30971 -7.14390 -7.71542 -7.89885 -5.85070 -5.91780 -7.37983 -4.05762 -7.14034 -6.89476 -4.81635 -4.06643 -4.43408 -7.02810 -6.92244 -4.01290 -7.62120 -5.95061 
Fopt: -89.02
F(Xopt): -34.9600733636496
