Fitness: 152.29637556170798
Objective: 104.46362443829202
Individual: -0.62486 -3.30888 -2.16363 0.52141 -2.42833 -2.37570 0.48482 -3.23998 -2.57676 0.37294 -1.54641 -0.69734 -1.26440 -0.05875 -1.64329 -2.65793 -2.79919 -2.93282 1.02532 -1.19228 -2.01445 -1.20946 -1.47688 -0.94305 -1.05897 
Gradient: 0.00043 0.00003 0.00046 0.00068 0.00067 0.00021 0.00069 0.00007 0.00018 0.00095 0.00031 0.00073 0.00059 0.00056 0.00036 0.00002 0.00083 0.00027 0.00064 0.00041 0.00027 0.00033 0.00036 0.00042 0.00043 
Xopt: -5.30131 -7.54403 -6.83324 -7.48604 -4.88351 -5.39028 -6.20695 -5.58903 -5.82638 -6.85776 -4.65537 -4.83973 -7.61174 -4.33006 -4.21028 -7.02986 -6.36804 -4.61424 -6.33205 -6.46418 -7.47946 -6.39333 -7.16046 -7.54037 -4.36128 
Fopt: -256.76
F(Xopt): -198.62442618966074
