Fitness: -159.5346811615263
Objective: 104.4546811615263
Individual: -0.85418 -2.78458 -1.70418 -4.71297 -4.84359 1.30532 -3.60790 2.22029 1.76917 -1.33729 -2.42972 -0.80473 -3.18812 -4.78366 -2.54148 -3.11644 -0.97893 -1.08304 -2.16449 2.75283 -1.15028 -4.23278 3.06720 2.95243 -1.83101 
Gradient: 0.00273 -0.00038 0.00225 0.00335 0.00292 0.00108 0.00378 0.00195 0.00298 0.00281 0.00321 0.00335 0.00059 0.00029 0.00193 -0.00031 0.00108 0.00043 -0.00124 0.00080 -0.00005 0.00108 0.00321 0.00243 0.00581 
Xopt: -4.54275 -4.88943 -5.46267 -7.86996 -7.01155 -7.73961 -4.19665 -6.83310 -5.04897 -6.79795 -7.54647 -6.89988 -6.62135 -5.40034 -6.29122 -6.42700 -5.87381 -4.28476 -6.92494 -5.80683 -4.69353 -7.18073 -4.66825 -6.69845 -4.78788 
Fopt: 55.08
F(Xopt): 111.02472884804288
