Fitness: -190.8190402379446
Objective: 104.42904023794459
Individual: -2.58567 -0.61414 -3.74613 0.54682 -4.46278 -1.98879 -0.54013 -2.36048 2.04898 -1.47146 -1.80736 0.21941 1.88331 -2.88589 0.95858 -0.34395 -2.64031 -0.47533 -1.76933 -3.01282 -0.17628 -0.16292 -1.35410 -1.99588 -2.41079 
Gradient: -0.00191 0.00628 0.00528 0.00634 0.00960 0.00560 0.00681 0.00047 0.00753 0.00363 0.00440 0.01107 0.00957 0.01286 0.00980 0.00570 0.00860 0.00789 0.00498 0.00376 0.00672 0.00475 -0.00127 0.00432 -0.00361 
Xopt: -5.12263 -6.26486 -7.48948 -6.97002 -4.20057 -4.58420 -7.47130 -5.31628 -7.02769 -7.15769 -5.08443 -7.75027 -7.45929 -7.79604 -6.83076 -6.37647 -4.12461 -5.74055 -5.23442 -7.48872 -6.90999 -5.26102 -7.54051 -7.85649 -4.25945 
Fopt: 86.39
F(Xopt): 164.86827836095046
