Fitness: 96.57102104463308
Objective: 7.388978955366909
Individual: 2.89939 2.05133 -0.19624 -1.76404 -4.86904 3.88885 1.69217 -5.00000 -0.67887 -3.15145 
Gradient: -249.77515 -758.39900 -865.54604 807.09775 710.03317 -700.12116 -112.71854 -887.01584 1175.90940 -377.36061 
Xopt: 1.84488 3.34971 3.34886 1.43646 -3.37290 -3.80149 1.59401 2.43950 -2.79014 3.39665 
Fopt: -103.96
F(Xopt): -103.96
