Fitness: -89.91365690378075
Objective: 29.273656903780747
Individual: -3.58532 -4.24072 -1.10057 2.02535 1.49053 1.72053 -1.77047 4.72455 4.25887 0.85230 
Gradient: 235.80260 -1413.04930 -237.63405 -824.73580 -327.81029 -875.14442 -904.23201 2428.17835 -5.55653 173.42948 
Xopt: 1.84774 -2.07571 1.09934 0.40350 0.78036 -1.33425 -0.91849 3.87873 3.03346 3.52999 
Fopt: 60.64
F(Xopt): 60.64
