Fitness: -67.38222552683055
Objective: 17.652225526830556
Individual: -2.83404 -2.20837 -0.96612 4.75639 2.53842 2.97028 -1.08258 1.33179 -1.97676 3.47147 
Gradient: -204.31465 -397.27676 -623.33644 -1851.75942 397.42140 -101.74610 1172.08000 -876.27396 -759.29396 1760.18202 
Xopt: 1.84559 1.99336 -1.21352 3.17822 1.66542 -1.18468 -3.03411 2.79930 -3.33424 3.42998 
Fopt: 49.73
F(Xopt): 49.73
