Fitness: 44.93617196105143
Objective: 20.50382803894857
Individual: -4.41377 4.23831 1.95234 -0.33764 -2.23321 -3.68791 -1.65732 -3.17298 -2.14355 1.87623 
Gradient: 138.53799 1493.89852 1184.38292 -788.63440 1442.74611 -1247.73322 2795.90312 672.58751 -2723.31718 15.57239 
Xopt: 1.84201 0.77513 -2.40163 2.46942 0.47384 1.73127 -3.89349 1.00026 -0.61375 3.26330 
Fopt: -65.44
F(Xopt): -65.44
