Fitness: -79.60645291701029
Objective: 12.17645291701028
Individual: 1.31783 3.99606 -4.14192 4.81049 -4.88722 1.71126 -3.45333 3.14131 -0.03423 0.07805 
Gradient: -209.84006 388.70707 195.76257 -419.83184 -2736.50952 -133.40348 -369.92005 -898.42872 375.57800 666.93431 
Xopt: 1.84703 -0.71935 -2.33828 -1.33826 3.74205 -3.95106 3.70964 3.51892 3.57756 3.49666 
Fopt: 67.43
F(Xopt): 67.43
