Fitness: -69.61874643262392
Objective: 7.48874643262392
Individual: -0.94789 3.15089 -2.70093 0.87526 4.78549 0.76729 2.53161 2.21895 -4.28978 -0.04492 
Gradient: 178.73372 -1446.44031 -189.98720 -1145.03519 -207.22995 62.68944 69.68198 -518.26542 472.17398 -0.33286 
Xopt: 1.84918 3.21158 -0.02542 3.88702 2.85699 3.89937 -2.17474 -3.40165 1.94526 3.59667 
Fopt: 62.13
F(Xopt): 62.13
