Fitness: -71.26072685718728
Objective: 21.530726857187283
Individual: -2.83404 -2.20837 -0.96612 4.75639 2.53842 2.80663 -1.08258 1.33179 -1.97676 3.47147 
Gradient: -429.42334 183.18177 -1681.17111 -384.20347 -380.03189 559.77778 747.52250 -1040.22580 1775.45252 1298.00584 
Xopt: 1.84559 1.99336 -1.21352 3.17822 1.66542 -1.18468 -3.03411 2.79930 -3.33424 3.42998 
Fopt: 49.73
F(Xopt): 49.73
