Fitness: -69.72032991482192
Objective: 7.590329914821915
Individual: -0.94789 3.15089 -2.70093 0.87526 4.78549 0.76729 2.53161 2.21895 -4.28978 -0.04579 
Gradient: -1113.96501 -135.06341 -103.56892 -224.44677 -639.83249 -368.72139 1835.84093 -1933.41238 2044.27498 -722.03306 
Xopt: 1.84918 3.21158 -0.02542 3.88702 2.85699 3.89937 -2.17474 -3.40165 1.94526 3.59667 
Fopt: 62.13
F(Xopt): 62.13
