Fitness: -79.83757513110407
Objective: 12.407575131104068
Individual: 1.31783 3.99606 -4.15001 4.82298 -4.88305 1.71385 -3.43877 3.11904 -0.02513 0.09292 
Gradient: 1460.62279 1449.02847 -956.65356 -1396.10933 -132.44690 1041.80191 -100.85018 -244.13459 -178.16814 0.97986 
Xopt: 1.84703 -0.71935 -2.33828 -1.33826 3.74205 -3.95106 3.70964 3.51892 3.57756 3.49666 
Fopt: 67.43
F(Xopt): 67.43
