Fitness: 78.31892039195276
Objective: 25.641079608047235
Individual: -0.45890 -3.75058 -1.83615 -1.76662 1.75693 -2.52647 -0.91804 -3.25711 -3.02045 1.01575 
Gradient: -761.61947 -517.16992 2570.66162 -1013.66853 -153.99144 175.14940 1674.35809 165.58850 -1248.88713 -999.51715 
Xopt: 1.84488 3.34971 3.34886 1.43646 -3.37290 -3.80149 1.59401 2.43950 -2.79014 3.39665 
Fopt: -103.96
F(Xopt): -103.96
