Fitness: -81.88033295542286
Objective: 21.240332955422858
Individual: 4.64759 -3.86392 -1.06911 1.67345 -1.82353 -0.54515 3.00485 0.58858 3.79364 -3.80996 
Gradient: -3398.45205 -3527.90368 1203.13315 480.70444 1299.55927 877.10300 -745.87995 -1338.54254 -1916.13228 800.86116 
Xopt: 1.84774 -2.07571 1.09934 0.40350 0.78036 -1.33425 -0.91849 3.87873 3.03346 3.52999 
Fopt: 60.64
F(Xopt): 60.64
