Fitness: -48.55867020394909
Objective: 17.568670203949093
Individual: -2.16498 4.38528 0.33124 -1.09939 2.10532 2.93856 0.34072 -3.45375 -2.43116 -3.19536 
Gradient: -389.84243 -304.09640 363.28319 -154.62044 618.16887 -258.46083 685.61982 -561.10831 -16.41664 879.87056 
Xopt: 1.84129 2.13149 2.16075 0.72766 3.43553 -0.88554 0.73464 0.64045 -0.06965 3.22997 
Fopt: 30.99
F(Xopt): 30.99
