Fitness: 114.22461354107527
Objective: 24.645386458924733
Individual: -3.56634 4.48526 -0.51654 0.66883 -0.66015 2.46403 2.21125 1.66739 -0.87368 3.10396 
Gradient: 285.41341 474.01572 3283.74897 3276.20206 -19.89574 679.58475 -1600.50091 -1675.73194 1427.64062 -3293.00454 
Xopt: 1.84416 -3.29393 -0.08876 -0.30530 -0.41121 1.58170 -1.77786 2.07969 -2.24604 3.36331 
Fopt: -138.87
F(Xopt): -138.87
