Fitness: -7.237233494944876
Objective: 19.317233494944876
Individual: 4.61986 3.44613 3.58854 -1.94436 -4.17512 -1.91790 0.83089 3.33500 4.11674 3.11654 
Gradient: -62.31480 1150.78575 -2252.69433 1573.54306 1526.74689 -212.09375 -509.08314 253.18806 -563.51445 54.26894 
Xopt: 1.84846 -3.43206 -3.46304 2.14526 -2.18132 1.28256 2.45339 -3.76146 2.48936 3.56333 
Fopt: -12.08
F(Xopt): -12.08
