Fitness: -41.635427753725466
Objective: 12.315427753725466
Individual: -2.05134 -0.91690 4.38298 0.32780 -3.13003 0.87714 3.23584 -3.23788 1.56987 2.28833 
Gradient: -1008.86491 -429.91718 -645.43815 -95.62655 -235.57347 -1359.03038 491.58932 961.01634 -661.31184 679.92335 
Xopt: 1.84631 0.63700 2.22410 -3.08002 -1.29627 1.43213 0.33776 3.15911 -3.87834 3.46332 
Fopt: 29.32
F(Xopt): 29.32
