Fitness: 52.56880024500894
Objective: 12.87119975499106
Individual: -2.18667 4.23831 3.41585 2.58540 -1.14644 -3.68791 -1.19836 3.59866 -4.08843 -1.22486 
Gradient: -693.10250 -199.57560 234.49935 291.28182 705.38517 -689.24839 346.82310 603.87414 -103.54521 -433.44944 
Xopt: 1.84201 0.77513 -2.40163 2.46942 0.47384 1.73127 -3.89349 1.00026 -0.61375 3.26330 
Fopt: -65.44
F(Xopt): -65.44
