Fitness: -75.67238718739688
Objective: 8.242387187396872
Individual: -2.12747 -4.26838 0.00000 0.28891 -3.26335 4.98635 -0.53049 3.69467 2.06528 2.82497 
Gradient: -1092.64703 -544.56543 NaN -66.95821 73.49543 -270.43505 -1021.38702 -147.54282 896.62909 -91.65082 
Xopt: 1.84703 -0.71935 -2.33828 -1.33826 3.74205 -3.95106 3.70964 3.51892 3.57756 3.49666 
Fopt: 67.43
F(Xopt): 67.43
