Fitness: 114.22461354104313
Objective: 24.645386458956878
Individual: -3.56634 4.48526 -0.51654 0.66883 -0.66015 2.46403 2.21125 1.66739 -0.87368 3.10396 
Gradient: 285.41343 474.01570 3283.74902 3276.20193 -19.89575 679.58472 -1600.50095 -1675.73193 1427.64070 -3293.00451 
Xopt: 1.84416 -3.29393 -0.08876 -0.30530 -0.41121 1.58170 -1.77786 2.07969 -2.24604 3.36331 
Fopt: -138.87
F(Xopt): -138.87
