Fitness: -73.66932756626689
Objective: 11.539327566266884
Individual: -0.94789 3.15089 -2.70093 0.87526 4.78549 0.76729 2.53161 2.21895 -4.28978 -0.20576 
Gradient: -1.94291 1380.31181 235.37250 -550.92780 -303.46108 -356.82678 -534.23787 -1325.68511 600.83045 170.42071 
Xopt: 1.84918 3.21158 -0.02542 3.88702 2.85699 3.89937 -2.17474 -3.40165 1.94526 3.59667 
Fopt: 62.13
F(Xopt): 62.13
