Fitness: -77.98577198892818
Objective: 17.345771988928178
Individual: 3.40021 2.47734 4.28644 -0.64027 -1.27516 0.01467 1.80206 -0.91622 -1.98480 4.54131 
Gradient: 849.06558 1110.52937 -138.41197 -895.82066 764.64818 -529.57736 1233.05115 213.65136 -65.27441 -591.18608 
Xopt: 1.84774 -2.07571 1.09934 0.40350 0.78036 -1.33425 -0.91849 3.87873 3.03346 3.52999 
Fopt: 60.64
F(Xopt): 60.64
