Fitness: -13.057863782831094
Objective: 25.137863782831094
Individual: 4.92048 2.19091 0.00000 -3.90335 3.27948 2.55234 -2.50973 0.00000 -3.98544 -4.01313 
Gradient: -157.37816 -902.58254 NaN 525.35077 -444.46587 279.69665 578.14072 NaN 503.40654 -78.05162 
Xopt: 1.84846 -3.43206 -3.46304 2.14526 -2.18132 1.28256 2.45339 -3.76146 2.48936 3.56333 
Fopt: -12.08
F(Xopt): -12.08
