Fitness: 124.55531635120597
Objective: 14.31468364879403
Individual: 3.73207 4.19416 4.87088 -1.37790 1.41123 3.95517 -3.51695 -2.22594 -1.50122 2.85749 
Gradient: -545.36899 122.24623 -507.83790 -21.03346 -907.54639 -1890.93932 -56.28898 366.46808 -920.58643 1720.19986 
Xopt: 1.84416 -3.29393 -0.08876 -0.30530 -0.41121 1.58170 -1.77786 2.07969 -2.24604 3.36331 
Fopt: -138.87
F(Xopt): -138.87
