Fitness: 103.96
Objective: 0.0
Individual: 1.84488 3.34971 3.34886 1.43646 -3.37290 -3.80149 1.59401 2.43950 -2.79014 3.39665 
Gradient: 0.00000 0.00000 0.00000 0.00000 -0.00000 -0.00000 0.00000 0.00000 -0.00000 0.00000 
Xopt: 1.84488 3.34971 3.34886 1.43646 -3.37290 -3.80149 1.59401 2.43950 -2.79014 3.39665 
Fopt: -103.96
F(Xopt): -103.96
