Fitness: -29.32
Objective: 0.0
Individual: 1.84631 0.63700 2.22410 -3.08002 -1.29627 1.43213 0.33776 3.15911 -3.87834 3.46332 
Gradient: 0.00000 0.00000 0.00000 -0.00000 -0.00000 0.00000 0.00000 0.00000 -0.00000 0.00000 
Xopt: 1.84631 0.63700 2.22410 -3.08002 -1.29627 1.43213 0.33776 3.15911 -3.87834 3.46332 
Fopt: 29.32
F(Xopt): 29.32
