Fitness: -324.6985100682083
Objective: 31.858510068208318
Individual: -0.36827 -1.29721 -0.90754 -3.80462 2.23285 -3.68659 3.63370 0.82155 0.62593 -3.39238 -2.62077 -1.18341 -0.30242 -1.50588 -0.81186 -0.70595 -0.95717 4.05997 -4.30190 2.42482 2.55600 -1.57054 -1.66752 0.22699 0.98913 
Gradient: 85.29911 332.26020 773.07306 817.82746 217.63592 771.25132 -52.83433 -100.95671 759.43837 -196.34474 916.17833 -64.83545 144.72706 -349.75902 303.50041 177.92730 200.67286 360.41449 116.24595 644.03695 308.11176 -59.12653 196.13910 1439.56318 -56.83190 
Xopt: 1.84488 3.34971 3.34886 1.43646 -3.37290 -3.80149 1.59401 2.43950 -2.79014 3.39665 2.11068 -3.97295 1.89139 3.64976 2.58919 -2.49054 -1.39121 2.01239 -1.75664 -2.15909 2.46099 2.07370 2.25101 3.14468 0.19237 
Fopt: 292.84
F(Xopt): 292.84
