Fitness: 193.85736787832116
Objective: 35.58263212167884
Individual: 4.76182 4.02855 2.63161 -3.27368 2.82151 -2.06147 -0.32672 -3.57049 2.55041 -1.18743 2.12762 -3.18197 -1.72137 -1.63311 2.23089 0.03827 0.10358 0.33905 -3.25150 0.25709 -3.70248 3.32459 -3.42426 -1.85252 0.45760 
Gradient: 901.21114 996.16773 817.20744 945.38506 299.35291 -740.73461 -208.80830 -263.71453 897.03509 1231.86868 -1074.71918 514.03776 4.97626 -896.58820 188.55821 62.87586 -473.72779 425.97247 -604.62291 -51.79274 847.63944 45.31176 -812.34466 -1181.98891 604.79500 
Xopt: 1.84559 1.99336 -1.21352 3.17822 1.66542 -1.18468 -3.03411 2.79930 -3.33424 3.42998 1.13292 2.27808 0.71174 -0.21620 -1.96463 -0.93893 2.16557 -2.24042 -1.49589 2.93331 -3.17281 -0.47026 0.18074 -3.17519 0.77887 
Fopt: -229.44
F(Xopt): -229.44
