Fitness: -21.175962172076684
Objective: 38.91596217207668
Individual: 3.42138 -1.78141 -0.54165 -3.14056 -0.31863 2.39417 -2.03954 4.59285 -0.67756 2.99530 -4.06721 4.18875 0.47111 -0.22833 0.74363 -1.61025 1.62894 -3.98233 -2.81798 -0.31664 0.21348 0.11127 4.62341 4.45023 -1.28410 
Gradient: -431.01604 -450.95390 653.64834 -3666.02935 859.24301 -245.42498 -178.88574 -1179.21785 1212.91093 -590.87706 549.99322 490.44999 -981.36707 -188.47341 351.05521 405.02911 -352.96679 -1621.37346 801.54588 -1646.74846 -804.68711 596.65149 -525.73054 -1153.25036 54.00913 
Xopt: 1.84129 2.13149 2.16075 0.72766 3.43553 -0.88554 0.73464 0.64045 -0.06965 3.22997 -1.00050 -3.22812 -0.21040 -1.02042 1.35829 -2.24858 -3.17513 -0.72359 -3.06041 -3.62107 -1.37000 -1.20650 -3.39764 2.74400 -2.74013 
Fopt: -17.74
F(Xopt): -17.74
