Fitness: 194.05026562929805
Objective: 35.17973437070194
Individual: -4.09712 4.02428 -0.19041 2.19124 -4.63530 1.06996 2.26182 -0.55376 0.10408 3.48904 2.70770 3.82843 -2.32354 -2.99656 0.13457 -1.02103 0.44919 0.27717 2.50984 2.99026 -3.45415 2.41288 0.96559 1.90913 -0.15249 
Gradient: -239.54537 -55.24064 -221.97895 -1077.27765 117.21394 -38.22760 -557.71512 -164.02518 924.56257 826.52129 292.66337 185.82624 -426.00044 42.87664 -118.71824 961.93936 954.66255 460.97857 -370.71317 415.04887 987.10618 -868.10949 499.46266 893.91003 -747.41794 
Xopt: 1.84918 3.21158 -0.02542 3.88702 2.85699 3.89937 -2.17474 -3.40165 1.94526 3.59667 -3.75589 1.53324 2.81353 -3.54602 -0.73372 -1.18089 3.94949 0.49556 -0.19212 -3.60471 0.65818 2.80994 -2.17061 -2.77451 3.71138 
Fopt: -229.23
F(Xopt): -229.23
