Fitness: -98.23155821543482
Objective: 24.83155821543481
Individual: -2.69334 -1.53830 3.33082 -2.64766 2.82349 1.25508 -0.57264 1.62275 0.12645 -4.29379 1.68394 2.26150 1.37466 1.18029 -4.12441 4.46543 1.98815 -2.01907 -3.73550 1.47319 0.71018 2.62090 2.54964 0.37013 -2.99817 
Gradient: 405.13126 -405.54489 -236.85925 409.15817 -1388.12122 712.93438 -766.40928 166.87727 363.27345 1053.74554 -146.30128 -182.49951 629.16615 -100.83842 704.95398 -136.79192 -282.81317 99.66288 374.09846 1148.21042 -189.52767 -900.91411 393.59039 -211.81528 -208.73912 
Xopt: 1.84416 -3.29393 -0.08876 -0.30530 -0.41121 1.58170 -1.77786 2.07969 -2.24604 3.36331 3.08845 -2.22399 3.07103 -0.48428 -0.85699 3.95786 3.05201 -1.73481 -2.01740 0.74851 0.09479 -3.38234 -3.67872 1.46454 -0.39413 
Fopt: 73.4
F(Xopt): 73.4
