Fitness: -124.0810625213593
Objective: 37.3610625213593
Individual: 1.82599 4.33548 -0.19415 0.18947 0.52638 3.26436 -1.57113 -1.83755 2.79923 -1.76518 -1.31924 1.34547 0.00697 -1.89741 0.81854 1.99769 -1.15796 0.44655 -2.45256 1.72515 2.49545 -1.80455 -1.36558 2.15551 -0.74330 
Gradient: -161.58976 -86.59034 969.92297 468.40929 882.48831 1219.40260 334.50694 453.36390 -218.23178 -929.03377 -1509.71819 -518.74086 -709.49235 -289.75680 -317.37151 391.32407 -177.79395 -1295.22806 658.21429 1558.18700 -236.17599 -27.39767 -412.86151 598.43027 -142.05055 
Xopt: 1.84631 0.63700 2.22410 -3.08002 -1.29627 1.43213 0.33776 3.15911 -3.87834 3.46332 0.15516 0.52911 -0.46790 3.91783 1.48156 0.61268 -2.27764 1.50678 -1.23514 0.02570 -0.80661 -3.01422 -1.88953 -1.49505 1.36537 
Fopt: 86.72
F(Xopt): 86.72
