Fitness: -1029.1880248433574
Objective: 29.188024843357425
Individual: -4.44720 -4.23260 -4.94935 -2.57710 1.38052 -4.71489 1.63062 0.19576 3.02692 0.87368 -2.29422 0.92279 4.52071 -1.16654 -3.54053 1.19947 -3.54006 4.08550 2.41752 0.99240 0.11315 -4.87596 1.91302 1.74204 -1.61992 
Gradient: 632.48325 -1014.93607 -599.75191 350.26606 -3.58500 -413.77471 510.02392 -226.11563 898.87724 -247.78996 -25.86578 510.66487 -622.89289 -54.57618 -46.84723 -566.84691 59.61525 -916.43119 427.94615 857.51236 -45.02257 4.13648 384.61292 -309.00787 58.22695 
Xopt: 1.84774 -2.07571 1.09934 0.40350 0.78036 -1.33425 -0.91849 3.87873 3.03346 3.52999 -1.80037 -2.96882 -2.82719 -3.81410 0.37392 3.71589 -3.16407 1.00117 -0.71363 2.21050 3.92578 -0.10214 1.96993 1.86522 2.53838 
Fopt: 1000.0
F(Xopt): 1000.0
