Fitness: -1028.0044394127494
Objective: 28.004439412749434
Individual: -3.90837 4.52398 -4.48625 -3.52248 -3.10931 0.13772 0.55778 0.32897 -0.33667 1.50250 0.52360 0.59949 -1.03389 -1.23629 0.34242 0.26972 -2.05372 -1.81506 -0.74114 -1.69292 0.56733 1.66955 0.88414 1.61354 -2.28165 
Gradient: 564.18054 806.25383 570.60515 -629.96149 110.28901 -13.60355 510.05895 -256.81454 249.15275 23.61655 -353.86762 -36.88295 -142.94409 -815.18377 203.98435 -760.57403 294.71227 -700.22540 272.33252 361.41972 -797.76249 426.50728 416.97207 387.52986 -596.23050 
Xopt: 1.84703 -0.71935 -2.33828 -1.33826 3.74205 -3.95106 3.70964 3.51892 3.57756 3.49666 -0.82261 -1.21986 -1.64754 0.05187 -3.07226 2.16429 1.27914 -2.74602 -0.97438 -2.88190 1.55958 2.44182 -3.95980 0.18508 1.95188 
Fopt: 1000.0
F(Xopt): 1000.0
