Fitness: -80.30013868429856
Objective: 30.41013868429856
Individual: 3.21618 -2.50163 -0.76423 -2.49809 4.14279 -0.91587 0.28457 -1.61509 1.89986 1.31238 0.09554 3.97364 3.33263 -2.73183 -3.21172 -0.85709 2.08774 -1.16141 1.31568 -0.06776 3.09246 -3.30121 -1.59550 -1.84981 -4.37205 
Gradient: -249.36841 -55.47879 1338.99885 977.72783 1295.46681 -132.59402 104.86138 532.26096 -737.82954 -562.07629 107.42390 -787.21810 185.88387 -68.15944 39.96531 1777.85264 -55.19217 -326.09575 836.22217 -407.93851 700.36076 -288.28990 -1281.58539 1484.59428 29.30914 
Xopt: 1.84846 -3.43206 -3.46304 2.14526 -2.18132 1.28256 2.45339 -3.76146 2.48936 3.56333 -2.77813 3.28221 3.99317 0.31994 3.82010 -2.73250 0.39271 -3.25163 -0.45288 -0.69710 -1.70802 -2.64610 -0.10034 3.54535 3.12488 
Fopt: 49.89
F(Xopt): 49.89
