Fitness: -97.53975067376129
Objective: 26.669750673761285
Individual: 2.37584 2.91768 -2.95307 4.23216 3.41480 -4.72514 1.47277 -3.45552 -1.03940 2.13493 0.62899 4.08889 1.31505 4.10138 -2.92400 -2.61252 2.91474 3.01934 -1.21980 -0.89172 3.99273 -2.32299 -1.45428 4.10044 3.84598 
Gradient: -258.44968 943.97510 113.86932 -321.37256 723.41387 794.11239 699.45801 617.48791 -246.40550 -198.46679 -1068.24364 -683.87296 -654.48620 -652.45347 770.06993 823.34311 785.21239 -19.31675 -624.66843 435.59072 213.88445 820.53624 -281.46751 -575.95550 613.60089 
Xopt: 1.84201 0.77513 -2.40163 2.46942 0.47384 1.73127 -3.89349 1.00026 -0.61375 3.26330 -1.97827 3.02291 -1.39004 3.11362 -3.19553 -0.69697 0.38165 3.02360 -2.79966 1.47132 0.99620 -3.75046 2.53209 -3.57587 -2.15363 
Fopt: 70.87
F(Xopt): 70.87
