Fitness: -76.68821106026766
Objective: 9.258211060267655
Individual: -0.02859 -0.26104 -1.18380 2.34580 3.31293 1.78655 -3.04365 0.00172 -2.88574 -1.59840 
Gradient: 1345.69974 -347.84009 1274.70455 -218.94192 -1669.19584 -1058.27795 -279.84874 -1284.29244 1422.74350 1116.10288 
Xopt: 1.84703 -0.71935 -2.33828 -1.33826 3.74205 -3.95106 3.70964 3.51892 3.57756 3.49666 
Fopt: 67.43
F(Xopt): 67.43
