Fitness: -34.99569295005453
Objective: 5.675692950054533
Individual: -1.84407 -1.00003 4.26732 0.53972 -3.17677 0.82947 3.29755 -3.09978 1.55149 2.23350 
Gradient: 649.59054 -713.85318 531.61332 -675.49027 -33.26171 890.57648 -248.02244 -995.37660 487.36708 -146.93719 
Xopt: 1.84631 0.63700 2.22410 -3.08002 -1.29627 1.43213 0.33776 3.15911 -3.87834 3.46332 
Fopt: 29.32
F(Xopt): 29.32
