Fitness: -11.078286023293893
Objective: 23.158286023293893
Individual: -1.77021 -4.22770 1.97464 -0.97903 1.54104 -3.71026 2.42403 1.15399 -2.99078 -0.69975 
Gradient: -1470.26824 -1886.64295 1677.33566 1574.18593 -1013.42267 1124.25623 174.62008 -1052.50675 -1410.17919 1107.34761 
Xopt: 1.84846 -3.43206 -3.46304 2.14526 -2.18132 1.28256 2.45339 -3.76146 2.48936 3.56333 
Fopt: -12.08
F(Xopt): -12.08
