Fitness: -83.67202906217051
Objective: 23.03202906217051
Individual: -2.56231 -1.36064 4.40906 -1.18012 -1.15668 3.06986 -4.70555 -2.22685 -4.69337 2.28093 
Gradient: 1823.80290 -1597.12519 1464.45966 2945.66499 -344.20848 -2191.83641 -235.17975 1600.00282 -3217.89295 2282.39855 
Xopt: 1.84774 -2.07571 1.09934 0.40350 0.78036 -1.33425 -0.91849 3.87873 3.03346 3.52999 
Fopt: 60.64
F(Xopt): 60.64
