Fitness: -71.26072685718948
Objective: 21.530726857189485
Individual: -2.83404 -2.20837 -0.96612 4.75639 2.53842 2.80663 -1.08258 1.33179 -1.97676 3.47147 
Gradient: -429.42334 183.18178 -1681.17108 -384.20346 -380.03190 559.77777 747.52248 -1040.22582 1775.45252 1298.00584 
Xopt: 1.84559 1.99336 -1.21352 3.17822 1.66542 -1.18468 -3.03411 2.79930 -3.33424 3.42998 
Fopt: 49.73
F(Xopt): 49.73
