Fitness: 80.4685154772768
Objective: 23.491484522723198
Individual: -2.28796 4.87015 2.14301 2.83001 2.83403 -2.88660 1.63340 2.41405 -1.46440 -0.17649 
Gradient: 1925.61955 15.04516 -447.91812 -1209.43480 -1892.19499 -487.62882 -663.75760 919.73941 -486.68702 2402.88008 
Xopt: 1.84488 3.34971 3.34886 1.43646 -3.37290 -3.80149 1.59401 2.43950 -2.79014 3.39665 
Fopt: -103.96
F(Xopt): -103.96
