Fitness: -41.635427753716456
Objective: 12.315427753716456
Individual: -2.05134 -0.91690 4.38298 0.32780 -3.13003 0.87714 3.23584 -3.23788 1.56987 2.28833 
Gradient: -1008.86491 -429.91721 -645.43814 -95.62650 -235.57348 -1359.03041 491.58933 961.01633 -661.31182 679.92336 
Xopt: 1.84631 0.63700 2.22410 -3.08002 -1.29627 1.43213 0.33776 3.15911 -3.87834 3.46332 
Fopt: 29.32
F(Xopt): 29.32
