Fitness: -48.55867020394476
Objective: 17.56867020394476
Individual: -2.16498 4.38528 0.33124 -1.09939 2.10532 2.93856 0.34072 -3.45375 -2.43116 -3.19536 
Gradient: -389.84244 -304.09639 363.28336 -154.62048 618.16888 -258.46082 685.61992 -561.10833 -16.41665 879.87057 
Xopt: 1.84129 2.13149 2.16075 0.72766 3.43553 -0.88554 0.73464 0.64045 -0.06965 3.22997 
Fopt: 30.99
F(Xopt): 30.99
