Fitness: -73.59730513301218
Objective: 11.467305133012182
Individual: -0.94789 3.15089 -2.70093 0.87526 4.78549 0.76729 2.53161 2.21895 -4.28978 -0.20417 
Gradient: -1034.62064 403.41794 -505.86189 -822.61186 -465.78655 -467.28237 1340.06226 -1563.73605 2686.30280 -327.69035 
Xopt: 1.84918 3.21158 -0.02542 3.88702 2.85699 3.89937 -2.17474 -3.40165 1.94526 3.59667 
Fopt: 62.13
F(Xopt): 62.13
