Fitness: 129.74986273247248
Objective: 9.120137267527525
Individual: -2.92934 4.01507 -0.80221 -0.38824 -0.65662 1.97672 2.27433 1.45579 -0.12428 3.37923 
Gradient: 82.33884 -446.50078 -292.44263 -500.78860 -172.66117 -82.19620 -337.42662 383.45789 -302.19013 70.62977 
Xopt: 1.84416 -3.29393 -0.08876 -0.30530 -0.41121 1.58170 -1.77786 2.07969 -2.24604 3.36331 
Fopt: -138.87
F(Xopt): -138.87
