Fitness: -78.02793050192335
Objective: 10.597930501923344
Individual: 1.26084 4.21576 -4.19101 4.96364 -4.92378 1.70763 -3.49060 3.12793 -0.02911 0.11047 
Gradient: 512.13917 -91.66310 -906.14678 51.69450 1574.63888 1028.31478 1566.47439 720.04084 -640.95821 0.49164 
Xopt: 1.84703 -0.71935 -2.33828 -1.33826 3.74205 -3.95106 3.70964 3.51892 3.57756 3.49666 
Fopt: 67.43
F(Xopt): 67.43
