Fitness: -69.61874643262817
Objective: 7.488746432628169
Individual: -0.94789 3.15089 -2.70093 0.87526 4.78549 0.76729 2.53161 2.21895 -4.28978 -0.04492 
Gradient: 178.73468 -1446.43746 -189.99297 -1145.04487 -207.22569 62.68177 69.68027 -518.26098 472.17715 -0.32550 
Xopt: 1.84918 3.21158 -0.02542 3.88702 2.85699 3.89937 -2.17474 -3.40165 1.94526 3.59667 
Fopt: 62.13
F(Xopt): 62.13
