Fitness: 42.341462378685165
Objective: 23.098537621314833
Individual: -4.41377 4.23831 1.95234 -0.33764 -2.23321 -3.68791 -1.65732 -3.17298 -2.14355 1.91365 
Gradient: 2170.43165 240.34332 626.56821 -1747.35682 -309.08926 815.25677 915.91966 231.70590 33.13033 292.72096 
Xopt: 1.84201 0.77513 -2.40163 2.46942 0.47384 1.73127 -3.89349 1.00026 -0.61375 3.26330 
Fopt: -65.44
F(Xopt): -65.44
