Fitness: -48.558670203946775
Objective: 17.568670203946777
Individual: -2.16498 4.38528 0.33124 -1.09939 2.10532 2.93856 0.34072 -3.45375 -2.43116 -3.19536 
Gradient: -389.84244 -304.09640 363.28323 -154.62043 618.16887 -258.46082 685.61984 -561.10832 -16.41663 879.87058 
Xopt: 1.84129 2.13149 2.16075 0.72766 3.43553 -0.88554 0.73464 0.64045 -0.06965 3.22997 
Fopt: 30.99
F(Xopt): 30.99
