Fitness: 47.97966952304344
Objective: 17.460330476956557
Individual: 1.79254 -2.23710 1.26983 4.46046 1.64994 -4.86420 2.77843 -3.33155 0.50499 0.93677 
Gradient: -2570.57750 -1322.21199 -2522.02641 729.15676 -1794.84201 419.59869 275.44586 166.95279 1534.69643 -1820.00957 
Xopt: 1.84201 0.77513 -2.40163 2.46942 0.47384 1.73127 -3.89349 1.00026 -0.61375 3.26330 
Fopt: -65.44
F(Xopt): -65.44
