Fitness: 12.079989752773482
Objective: 1.0247226517989816E-5
Individual: 1.84847 -3.43205 -3.46304 2.14526 -2.18118 1.28256 2.45340 -3.76146 2.48936 3.56333 
Gradient: 0.00320 0.00771 -0.00011 0.00009 0.16986 -0.00002 0.00790 -0.00019 0.00035 0.00070 
Xopt: 1.84846 -3.43206 -3.46304 2.14526 -2.18132 1.28256 2.45339 -3.76146 2.48936 3.56333 
Fopt: -12.08
F(Xopt): -12.08
