Fitness: -60.64004288311663
Objective: 4.288311662747901E-5
Individual: 1.84822 -2.07571 1.09935 0.40348 0.78035 -1.33425 -0.91849 3.87873 3.03346 3.52999 
Gradient: 0.21528 -0.00007 0.01257 -0.01420 -0.01439 -0.00010 -0.00008 0.00053 0.01257 0.00505 
Xopt: 1.84774 -2.07571 1.09934 0.40350 0.78036 -1.33425 -0.91849 3.87873 3.03346 3.52999 
Fopt: 60.64
F(Xopt): 60.64
