Fitness: 65.43927206514049
Objective: 7.279348595119473E-4
Individual: 1.84200 0.77497 -2.40163 2.46942 0.47384 1.73140 -3.89259 1.00026 -0.61366 3.26330 
Gradient: -0.00431 -0.09665 -0.00026 0.00015 0.00002 0.11130 2.52450 0.00007 0.24071 0.00069 
Xopt: 1.84201 0.77513 -2.40163 2.46942 0.47384 1.73127 -3.89349 1.00026 -0.61375 3.26330 
Fopt: -65.44
F(Xopt): -65.44
