Fitness: -67.43000033174694
Objective: 3.317469321473254E-7
Individual: 1.84705 -0.71933 -2.33828 -1.33826 3.74205 -3.95106 3.70964 3.51892 3.57756 3.49666 
Gradient: 0.01644 0.01857 -0.00007 0.00030 0.00020 -0.00027 0.00033 0.00042 0.00054 0.00070 
Xopt: 1.84703 -0.71935 -2.33828 -1.33826 3.74205 -3.95106 3.70964 3.51892 3.57756 3.49666 
Fopt: 67.43
F(Xopt): 67.43
