Fitness: -62.13001527285225
Objective: 1.527285224511843E-5
Individual: 1.84906 3.21138 -0.02536 3.88702 2.85699 3.89937 -2.17474 -3.40165 1.94527 3.59667 
Gradient: -0.05267 -0.08181 0.01215 0.00016 -0.00058 -0.00197 -0.00032 -0.00035 0.05976 0.00070 
Xopt: 1.84918 3.21158 -0.02542 3.88702 2.85699 3.89937 -2.17474 -3.40165 1.94526 3.59667 
Fopt: 62.13
F(Xopt): 62.13
