Fitness: 103.95994814905585
Objective: 5.185094414628111E-5
Individual: 1.84489 3.34971 3.34886 1.43646 -3.37290 -3.80142 1.59424 2.43950 -2.79021 3.39665 
Gradient: 0.00130 0.00009 -0.00099 0.00006 -0.00017 0.15679 0.35095 0.00027 -0.19380 0.00112 
Xopt: 1.84488 3.34971 3.34886 1.43646 -3.37290 -3.80149 1.59401 2.43950 -2.79014 3.39665 
Fopt: -103.96
F(Xopt): -103.96
