Fitness: -30.99001792749429
Objective: 1.792749429085916E-5
Individual: 1.84158 2.13149 2.16077 0.72766 3.43558 -0.88555 0.73464 0.64049 -0.06965 3.22997 
Gradient: 0.13646 0.00015 0.00214 0.00222 0.06067 -0.00925 0.00007 0.08892 -0.00001 0.00069 
Xopt: 1.84129 2.13149 2.16075 0.72766 3.43553 -0.88554 0.73464 0.64045 -0.06965 3.22997 
Fopt: 30.99
F(Xopt): 30.99
