Fitness: -29.32005003807661
Objective: 5.0038076608416304E-5
Individual: 1.84678 0.63697 2.22410 -3.07994 -1.29626 1.43213 0.33775 3.15906 -3.87833 3.46332 
Gradient: 0.21523 -0.01011 0.00008 0.09103 0.00622 -0.00243 -0.03016 -0.08625 0.01087 0.00070 
Xopt: 1.84631 0.63700 2.22410 -3.08002 -1.29627 1.43213 0.33776 3.15911 -3.87834 3.46332 
Fopt: 29.32
F(Xopt): 29.32
