Fitness: -49.73013321417339
Objective: 1.3321417339540176E-4
Individual: 1.84644 1.99336 -1.21352 3.17825 1.66541 -1.18468 -3.03411 2.79931 -3.33429 3.42998 
Gradient: 0.42271 0.00006 -0.00004 0.00419 -0.00217 -0.00010 -0.00025 0.01044 -0.12755 0.00069 
Xopt: 1.84559 1.99336 -1.21352 3.17822 1.66542 -1.18468 -3.03411 2.79930 -3.33424 3.42998 
Fopt: 49.73
F(Xopt): 49.73
