Fitness: 138.86995569075123
Objective: 4.430924877851794E-5
Individual: 1.84446 -3.29393 -0.08876 -0.30556 -0.41121 1.58166 -1.77786 2.07969 -2.24604 3.36331 
Gradient: 0.18687 -0.00008 -0.00000 -0.16521 -0.00002 -0.07768 -0.00016 0.00027 -0.00032 0.00069 
Xopt: 1.84416 -3.29393 -0.08876 -0.30530 -0.41121 1.58170 -1.77786 2.07969 -2.24604 3.36331 
Fopt: -138.87
F(Xopt): -138.87
