Fitness: -3586.558023230515
Objective: 3524.428023230515
Individual: 3.86217 4.37620 -3.81972 1.04110 4.34928 2.32508 -2.69662 -3.09809 -1.27477 1.80118 
Gradient: 326.39533 -34.68726 -221.02209 -699.43286 114.12612 -159.21212 -902.33600 -3505.18690 -738.95470 -935.81425 
Xopt: 1.84918 3.21158 -0.02542 3.88702 2.85699 3.89937 -2.17474 -3.40165 1.94526 3.59667 
Fopt: 62.13
F(Xopt): 62.13
