Fitness: -3843.700505645068
Objective: 3909.140505645068
Individual: -1.85545 0.28356 -1.76653 2.12938 -2.51384 3.37113 2.24851 0.75172 1.77446 1.03551 
Gradient: -182.55251 989.48540 2789.04873 -778.19818 466.71686 409.81175 0.00410 -7046.55885 586.70737 -1065.21963 
Xopt: 1.84201 0.77513 -2.40163 2.46942 0.47384 1.73127 -3.89349 1.00026 -0.61375 3.26330 
Fopt: -65.44
F(Xopt): -65.44
