Fitness: -3213.8227753164156
Objective: 3153.1827753164157
Individual: 2.06508 -1.03666 1.59792 0.52928 0.41175 -1.38542 -2.21031 2.78450 0.31144 3.01919 
Gradient: -1459.38298 348.80477 25.05547 -9.48596 -419.63757 620.95678 -1362.48785 -830.41633 41.18480 -429.77158 
Xopt: 1.84774 -2.07571 1.09934 0.40350 0.78036 -1.33425 -0.91849 3.87873 3.03346 3.52999 
Fopt: 60.64
F(Xopt): 60.64
