Fitness: -5364.871088015097
Objective: 5297.441088015096
Individual: 1.47015 -3.33264 -1.60594 0.76688 2.88381 2.29082 1.12840 0.66653 3.63959 2.73560 
Gradient: -598.41664 -4835.91602 595.53577 -186.23861 350.98222 -541.49679 203.79940 -564.41858 -345.04022 -599.08691 
Xopt: 1.84703 -0.71935 -2.33828 -1.33826 3.74205 -3.95106 3.70964 3.51892 3.57756 3.49666 
Fopt: 67.43
F(Xopt): 67.43
