Fitness: -732.3591730496271
Objective: 871.2291730496271
Individual: 1.45565 -1.43018 -0.01315 1.82578 0.42628 3.44507 -1.63041 2.42753 -0.47613 2.59274 
Gradient: -1268.48192 1616.69650 864.00776 -773.39257 -435.84664 -436.11369 -150.26144 19.06318 599.30851 -28.08225 
Xopt: 1.84416 -3.29393 -0.08876 -0.30530 -0.41121 1.58170 -1.77786 2.07969 -2.24604 3.36331 
Fopt: -138.87
F(Xopt): -138.87
