Fitness: -12086.283755359147
Objective: 12190.243755359146
Individual: -2.63400 2.15955 -0.91670 0.05923 -0.78169 -3.57816 0.40130 2.23358 -1.80733 -1.07629 
Gradient: -1788.27968 -420.77962 167.61446 2599.57979 3854.41659 -0.43023 2065.30899 -1531.85999 4993.37929 586.37241 
Xopt: 1.84488 3.34971 3.34886 1.43646 -3.37290 -3.80149 1.59401 2.43950 -2.79014 3.39665 
Fopt: -103.96
F(Xopt): -103.96
