Fitness: -2212.7214775546054
Objective: 2224.8014775546053
Individual: -0.71120 -1.76759 1.28001 1.48995 -3.56198 -0.09521 -1.10723 -2.17075 0.85563 2.90928 
Gradient: 96.96588 325.82056 -61.94673 -477.56996 3.72286 -1035.38461 -372.36185 785.64182 -113.64740 -793.29120 
Xopt: 1.84846 -3.43206 -3.46304 2.14526 -2.18132 1.28256 2.45339 -3.76146 2.48936 3.56333 
Fopt: -12.08
F(Xopt): -12.08
