Fitness: -3271.781977862485
Objective: 3240.791977862485
Individual: 1.35865 -1.12458 2.68292 -0.80991 3.89746 2.35135 0.18605 0.69988 1.46623 -1.60429 
Gradient: -2667.81484 -525.02351 -331.97932 987.65094 488.46574 351.39697 718.53520 1085.14754 -0.20093 -128.53367 
Xopt: 1.84129 2.13149 2.16075 0.72766 3.43553 -0.88554 0.73464 0.64045 -0.06965 3.22997 
Fopt: 30.99
F(Xopt): 30.99
