Fitness: -4708.977763663067
Objective: 4679.657763663067
Individual: -4.32269 2.66002 4.63428 -3.29230 -2.42685 1.36085 -3.24388 -1.29898 -1.24759 0.22841 
Gradient: 343.77531 -323.40210 -263.26043 258.56242 957.05959 -1244.76686 -389.83698 -2956.25227 98.88657 672.74798 
Xopt: 1.84631 0.63700 2.22410 -3.08002 -1.29627 1.43213 0.33776 3.15911 -3.87834 3.46332 
Fopt: 29.32
F(Xopt): 29.32
