Fitness: -5081.82899491247
Objective: 5032.0989949124705
Individual: -2.01466 4.49537 -0.30768 2.73576 1.35426 -1.21427 -0.40346 2.88762 -2.32430 -0.13404 
Gradient: 4.70217 1442.55214 6478.71899 -5963.99210 178.03551 686.69707 -2290.41531 -880.04837 866.54171 -750.34859 
Xopt: 1.84559 1.99336 -1.21352 3.17822 1.66542 -1.18468 -3.03411 2.79930 -3.33424 3.42998 
Fopt: 49.73
F(Xopt): 49.73
