Fitness: -144.90229576638646
Objective: 82.77229576638646
Individual: -0.07358 0.21523 3.00011 -0.50150 -1.97126 -0.22935 1.65336 -3.41024 -0.94378 0.59875 
Gradient: -5.28420 -5.02684 6.18872 -11.26893 -9.26254 -1.00054 2.40077 -3.87510 -1.76466 0.00437 
Xopt: 1.84918 3.21158 -0.02542 3.88702 2.85699 3.89937 -2.17474 -3.40165 1.94526 3.59667 
Fopt: 62.13
F(Xopt): 62.13
