Fitness: -83.55859230093111
Objective: 54.23859230093111
Individual: 1.30585 3.62982 0.90595 -4.91882 -0.06289 -2.66329 -2.42427 -0.43407 -2.04721 3.71421 
Gradient: -1.17367 5.13563 -4.49264 -6.39065 3.84606 -9.09754 -7.36004 -6.96293 4.10526 -0.13298 
Xopt: 1.84631 0.63700 2.22410 -3.08002 -1.29627 1.43213 0.33776 3.15911 -3.87834 3.46332 
Fopt: 29.32
F(Xopt): 29.32
