Fitness: -85.85872935299294
Objective: 54.86872935299294
Individual: -1.58281 2.48677 2.91508 0.24740 0.83340 0.67065 -1.29179 1.21576 -4.34429 -0.79183 
Gradient: -8.37578 1.02596 3.82993 -3.87154 0.48139 8.61988 -4.47046 1.56348 -7.84147 1.84774 
Xopt: 1.84129 2.13149 2.16075 0.72766 3.43553 -0.88554 0.73464 0.64045 -0.06965 3.22997 
Fopt: 30.99
F(Xopt): 30.99
