Fitness: 8.505547877361245
Objective: 56.93445212263875
Individual: 0.74727 1.48167 0.87885 -0.83767 2.28022 -1.05211 -1.32126 0.77131 3.61087 2.91264 
Gradient: 970.15869 1004.78820 0.80281 289.41763 2933.53294 111.89884 -1883.60368 392.83298 307.06821 -285.73053 
Xopt: 1.84201 0.77513 -2.40163 2.46942 0.47384 1.73127 -3.89349 1.00026 -0.61375 3.26330 
Fopt: -65.44
F(Xopt): -65.44
