Fitness: -97.20050812823001
Objective: 47.470508128230016
Individual: -0.41776 1.81797 0.99136 -0.04392 0.60468 2.41906 -0.53892 1.41191 -0.43637 2.92496 
Gradient: -4.04154 1.34944 -1.17515 -12.44835 2.03021 2.33813 10.72485 0.26035 4.21907 0.04722 
Xopt: 1.84559 1.99336 -1.21352 3.17822 1.66542 -1.18468 -3.03411 2.79930 -3.33424 3.42998 
Fopt: 49.73
F(Xopt): 49.73
