Fitness: -68.9471682193896
Objective: 39.627168219389596
Individual: 1.30585 3.62982 0.90595 -4.91882 -0.06289 -2.52246 -1.02367 1.11828 -1.85691 2.98482 
Gradient: -94.21587 -75.27910 67.01951 -54.46227 12.59449 -25.88116 -20.37592 -30.58007 -2.20942 -96.86454 
Xopt: 1.84631 0.63700 2.22410 -3.08002 -1.29627 1.43213 0.33776 3.15911 -3.87834 3.46332 
Fopt: 29.32
F(Xopt): 29.32
