Fitness: 6.851928438857783
Objective: 132.01807156114222
Individual: -3.38459 2.46072 3.35025 1.20096 -2.02268 4.51758 -0.10413 1.43366 0.39233 0.73494 
Gradient: 2042.47365 5446.42265 -1446.63613 3493.15900 3626.37834 -3597.50325 3356.17870 -303.53486 -2717.59850 1112.45880 
Xopt: 1.84416 -3.29393 -0.08876 -0.30530 -0.41121 1.58170 -1.77786 2.07969 -2.24604 3.36331 
Fopt: -138.87
F(Xopt): -138.87
