Fitness: -90.57376485991506
Objective: 102.65376485991506
Individual: 4.62967 0.35024 4.53915 2.82073 3.68837 1.07058 4.75392 -4.76589 1.16815 1.94628 
Gradient: 4.77616 0.11297 11.33616 0.46065 10.11018 -0.48459 12.50546 -6.35895 1.47438 -10.42980 
Xopt: 1.84846 -3.43206 -3.46304 2.14526 -2.18132 1.28256 2.45339 -3.76146 2.48936 3.56333 
Fopt: -12.08
F(Xopt): -12.08
