Fitness: -178.56832006706688
Objective: 111.13832006706687
Individual: 2.98962 3.41927 -4.00930 0.61005 4.44822 -0.13485 -2.89416 2.25505 2.45742 -1.64446 
Gradient: 6.20228 11.09327 -19.91711 18.06900 46.03493 -22.76985 -26.26323 25.80067 8.93649 -5.66676 
Xopt: 1.84703 -0.71935 -2.33828 -1.33826 3.74205 -3.95106 3.70964 3.51892 3.57756 3.49666 
Fopt: 67.43
F(Xopt): 67.43
