Fitness: 10.933477253048387
Objective: 54.50652274695161
Individual: 0.74727 1.48167 0.87885 -0.83767 2.28022 -1.05211 -1.45185 0.91458 2.97782 3.37756 
Gradient: -1165.83423 -1191.76210 9.82446 -366.87283 -3499.15515 -146.31195 2266.68734 -470.67969 -348.82136 335.05862 
Xopt: 1.84201 0.77513 -2.40163 2.46942 0.47384 1.73127 -3.89349 1.00026 -0.61375 3.26330 
Fopt: -65.44
F(Xopt): -65.44
