Fitness: -110.8242977528316
Objective: 122.9042977528316
Individual: 2.05812 4.91577 4.45261 3.60034 4.56592 1.03625 4.69844 -4.91285 1.72648 4.00323 
Gradient: 30.63338 103.02757 -864.77981 -2087.55117 34.49416 -994.73852 3576.79842 -639.89184 245.95835 537.18155 
Xopt: 1.84846 -3.43206 -3.46304 2.14526 -2.18132 1.28256 2.45339 -3.76146 2.48936 3.56333 
Fopt: -12.08
F(Xopt): -12.08
