Fitness: -243.30698186248853
Objective: 181.17698186248853
Individual: -3.72044 -1.79793 -0.70677 -3.31784 -0.39239 2.14508 -2.94074 2.90774 -1.05420 2.66600 
Gradient: 6.10813 -46.87318 -27.49757 -51.29609 62.96842 -0.39606 59.51610 6.77675 -11.31239 20.67097 
Xopt: 1.84918 3.21158 -0.02542 3.88702 2.85699 3.89937 -2.17474 -3.40165 1.94526 3.59667 
Fopt: 62.13
F(Xopt): 62.13
