Fitness: -90.85570878208401
Objective: 30.215708782084008
Individual: 0.91148 0.58062 -1.18292 -0.93482 -0.53648 -0.17764 -1.01362 1.30246 1.39963 1.86245 
Gradient: -694.02653 -552.54328 -247.91396 -1437.78027 -952.99240 557.51068 1000.31615 1322.54348 1683.63806 -1647.02126 
Xopt: 1.84774 -2.07571 1.09934 0.40350 0.78036 -1.33425 -0.91849 3.87873 3.03346 3.52999 
Fopt: 60.64
F(Xopt): 60.64
