Fitness: 4.717316004931234
Objective: 99.24268399506876
Individual: 2.98047 -1.13334 1.70438 2.09841 -2.15463 1.97881 -1.41009 -1.90770 1.39255 3.34673 
Gradient: -1080.79983 -554.33961 14.93361 -326.37700 737.53553 284.38068 43.56320 161.86358 -617.72720 -1193.48048 
Xopt: 1.84488 3.34971 3.34886 1.43646 -3.37290 -3.80149 1.59401 2.43950 -2.79014 3.39665 
Fopt: -103.96
F(Xopt): -103.96
