Fitness: 16.725785967660798
Objective: 87.2342140323392
Individual: 4.04658 3.52167 -0.87985 -1.82486 0.51428 -1.39351 -2.74392 1.18889 1.88900 2.28657 
Gradient: -11.75625 -8.63061 -5.48814 -7.80911 18.24110 6.70784 -8.43594 -4.11923 -3.67687 -17.41976 
Xopt: 1.84488 3.34971 3.34886 1.43646 -3.37290 -3.80149 1.59401 2.43950 -2.79014 3.39665 
Fopt: -103.96
F(Xopt): -103.96
