Fitness: -1589.9660825625047
Objective: 589.9660825625047
Individual: 0.82258 -4.76628 1.16583 3.14358 -1.65387 -1.98992 0.70238 -1.04852 -0.85830 2.36796 -1.15455 -2.42038 -3.00274 -2.11002 -1.04424 -0.38664 -0.14438 -1.58771 -0.30589 1.43736 2.39077 -1.39810 1.69545 -1.17503 0.92217 
Gradient: -22.97795 62.49931 24.67297 66.08152 61.57351 45.78806 63.73359 -115.29975 85.37157 73.25147 37.89605 -45.65734 -73.07468 142.36284 68.85651 76.90077 43.34108 86.26840 -22.01462 92.11866 6.60987 118.33474 200.01043 -11.79531 -16.97117 
Xopt: 1.84774 -2.07571 1.09934 0.40350 0.78036 -1.33425 -0.91849 3.87873 3.03346 3.52999 -1.80037 -2.96882 -2.82719 -3.81410 0.37392 3.71589 -3.16407 1.00117 -0.71363 2.21050 3.92578 -0.10214 1.96993 1.86522 2.53838 
Fopt: 1000.0
F(Xopt): 1000.0
