Fitness: -900.9130306922868
Objective: 608.0730306922869
Individual: 0.01922 -2.10458 2.26570 -0.32810 -0.24727 0.30666 -0.78950 1.81286 -2.83542 -0.14848 1.00169 0.86633 -1.42647 1.47661 -0.48570 0.14663 -0.03243 2.12317 -3.69307 -1.06570 0.47640 1.01419 0.41331 2.52890 -0.78249 
Gradient: 51.25379 4.95028 -97.29874 12.19468 -42.00730 93.40360 -31.87935 38.82471 -38.96887 -52.80528 94.17293 32.54314 85.28957 72.38620 57.40421 182.73453 -8.92565 85.10934 -114.89996 -73.79660 38.25025 22.57456 -72.08224 75.99563 -112.90218 
Xopt: 1.84488 3.34971 3.34886 1.43646 -3.37290 -3.80149 1.59401 2.43950 -2.79014 3.39665 2.11068 -3.97295 1.89139 3.64976 2.58919 -2.49054 -1.39121 2.01239 -1.75664 -2.15909 2.46099 2.07370 2.25101 3.14468 0.19237 
Fopt: 292.84
F(Xopt): 292.84
