Fitness: -725.8988153275724
Objective: 655.0288153275724
Individual: 2.82903 -2.07186 0.06940 2.09609 -2.83663 2.36714 -4.79757 -2.69305 2.21373 -0.12041 -3.22763 0.93360 2.18554 -0.50540 -1.04537 -0.13154 1.32726 -1.27941 -2.39363 -0.36486 1.99773 -1.86811 1.20013 -2.94202 -0.23632 
Gradient: -13.78649 34.09535 -20.39204 -28.16799 8.07819 -65.94692 -90.85873 -115.12283 80.90699 -113.23037 -69.16118 -84.97119 -90.53023 107.02041 147.59709 122.07034 -74.61108 -119.08139 -24.25718 -119.01565 -214.58793 -261.80576 15.25514 -131.97974 -9.16067 
Xopt: 1.84201 0.77513 -2.40163 2.46942 0.47384 1.73127 -3.89349 1.00026 -0.61375 3.26330 -1.97827 3.02291 -1.39004 3.11362 -3.19553 -0.69697 0.38165 3.02360 -2.79966 1.47132 0.99620 -3.75046 2.53209 -3.57587 -2.15363 
Fopt: 70.87
F(Xopt): 70.87
