Fitness: -673.7152546224331
Objective: 691.4552546224331
Individual: 3.53620 -3.35611 2.97111 3.14679 -1.17487 -1.90944 0.12722 -2.03576 -0.06843 -3.71784 -0.34096 -4.30978 -0.19455 -1.02342 2.43597 -0.76009 -1.33089 -2.22235 -0.06683 -0.98006 0.11353 -2.82626 -1.89673 -0.31002 -1.76314 
Gradient: -34.08166 -4.67917 -23.66271 -9.73692 59.23218 -109.49242 56.12849 51.33729 1.09733 -93.19878 50.91716 83.87336 19.39594 -5.76450 192.42086 107.02836 232.08733 -75.88020 -25.32584 -60.85806 39.07355 -128.13387 20.28546 -70.19197 48.74433 
Xopt: 1.84129 2.13149 2.16075 0.72766 3.43553 -0.88554 0.73464 0.64045 -0.06965 3.22997 -1.00050 -3.22812 -0.21040 -1.02042 1.35829 -2.24858 -3.17513 -0.72359 -3.06041 -3.62107 -1.37000 -1.20650 -3.39764 2.74400 -2.74013 
Fopt: -17.74
F(Xopt): -17.74
