Fitness: -686.8626841037673
Objective: 636.9726841037673
Individual: -1.65400 -1.53543 -2.62825 1.29493 -2.82449 -3.46924 0.62905 -1.53036 -1.82377 -0.35189 -0.36484 0.26010 2.23413 -1.06115 3.39314 0.23979 1.74515 -1.60826 0.48937 -0.69804 0.25985 -0.71457 -0.04352 0.49784 1.97070 
Gradient: -12.11847 -32.22530 -18.53393 27.03254 51.74195 -96.87388 -69.23638 -7.91751 11.93292 -106.77877 24.73362 -23.56514 -12.27693 57.56520 93.46705 261.89821 -19.93334 -110.48548 160.28714 -2.23652 -171.29038 52.71083 99.39285 -42.38775 184.75575 
Xopt: 1.84846 -3.43206 -3.46304 2.14526 -2.18132 1.28256 2.45339 -3.76146 2.48936 3.56333 -2.77813 3.28221 3.99317 0.31994 3.82010 -2.73250 0.39271 -3.25163 -0.45288 -0.69710 -1.70802 -2.64610 -0.10034 3.54535 3.12488 
Fopt: 49.89
F(Xopt): 49.89
