Fitness: -1503.8303180497096
Objective: 503.8303180497096
Individual: 3.36315 -3.36896 1.37497 -4.91240 1.31190 -2.92022 3.80357 2.07044 1.89772 1.55085 1.81955 -2.40276 -0.04587 0.87608 -2.53356 1.39925 -1.59824 -1.89151 0.28094 -2.92867 1.43012 -0.23727 -2.93160 -0.15722 -1.27113 
Gradient: 16.57133 57.07055 103.25736 -71.72349 62.70503 128.85678 56.92301 -20.76592 -51.63402 62.26328 -50.11143 -80.28140 -69.88448 6.05257 53.07361 1.71372 -53.77452 -61.04073 59.48613 -106.95874 -155.69000 -136.14023 166.20034 -85.17951 -124.19126 
Xopt: 1.84703 -0.71935 -2.33828 -1.33826 3.74205 -3.95106 3.70964 3.51892 3.57756 3.49666 -0.82261 -1.21986 -1.64754 0.05187 -3.07226 2.16429 1.27914 -2.74602 -0.97438 -2.88190 1.55958 2.44182 -3.95980 0.18508 1.95188 
Fopt: 1000.0
F(Xopt): 1000.0
