Fitness: -709.3319214083692
Objective: 622.6119214083692
Individual: -3.84379 3.21669 -1.02287 -3.18603 0.57277 1.06858 -1.46321 0.84360 -0.53583 3.33182 3.74889 -1.33409 -3.43281 -0.36869 0.92120 -1.52451 -3.18042 -0.26769 -0.79861 -0.64878 -1.54854 -2.27172 1.03643 -0.27122 0.43263 
Gradient: 26.87342 -27.33006 2.76712 -66.55116 110.49967 -14.21894 -72.82133 -59.91163 25.91251 -106.45514 -30.14936 -18.59369 -114.00672 -179.28748 -92.24843 -131.83640 108.11975 81.48798 -29.27975 88.72882 73.83156 10.62406 304.86668 -72.94753 166.46062 
Xopt: 1.84631 0.63700 2.22410 -3.08002 -1.29627 1.43213 0.33776 3.15911 -3.87834 3.46332 0.15516 0.52911 -0.46790 3.91783 1.48156 0.61268 -2.27764 1.50678 -1.23514 0.02570 -0.80661 -3.01422 -1.88953 -1.49505 1.36537 
Fopt: 86.72
F(Xopt): 86.72
