Fitness: -400.85356985278037
Objective: 630.2935698527804
Individual: -0.95988 4.03387 -1.39281 1.08930 -1.65067 -0.35269 -0.98606 1.89476 -3.45373 1.86725 -1.25127 -0.66571 3.86614 -0.57807 0.57746 -0.44054 1.35830 -1.29726 -0.52680 -2.82595 -1.69591 -0.45018 -0.17364 -2.31862 -0.35224 
Gradient: 59.79695 119.88796 -46.82901 -72.26991 4.02788 9.70746 -66.06761 -109.85202 -116.18261 -54.20342 83.94358 68.75817 -65.53763 121.63864 -63.05263 -44.39671 92.58864 36.41590 300.10724 53.19242 13.68160 67.49789 -68.25902 54.55510 218.42723 
Xopt: 1.84559 1.99336 -1.21352 3.17822 1.66542 -1.18468 -3.03411 2.79930 -3.33424 3.42998 1.13292 2.27808 0.71174 -0.21620 -1.96463 -0.93893 2.16557 -2.24042 -1.49589 2.93331 -3.17281 -0.47026 0.18074 -3.17519 0.77887 
Fopt: -229.44
F(Xopt): -229.44
