Fitness: -889.4260291186306
Objective: 816.0260291186306
Individual: 3.85381 -2.31203 1.38389 -0.10262 -0.42384 2.46603 -1.09005 -3.93344 -0.23737 0.56395 -0.00504 -1.98120 2.81652 0.01388 0.80290 -0.28331 1.13945 -2.08874 -1.31240 1.60024 0.53204 -1.49832 -0.30917 0.15445 2.59603 
Gradient: 13.88977 14.21438 -25.87018 11.72094 -10.10008 24.09037 -29.51159 -14.10970 176.87975 -106.79324 48.97501 103.17741 -46.07000 -133.54490 134.68654 -30.61556 37.61360 138.84723 -116.09635 9.28919 2.29702 -268.52129 119.32954 -113.15705 238.37532 
Xopt: 1.84416 -3.29393 -0.08876 -0.30530 -0.41121 1.58170 -1.77786 2.07969 -2.24604 3.36331 3.08845 -2.22399 3.07103 -0.48428 -0.85699 3.95786 3.05201 -1.73481 -2.01740 0.74851 0.09479 -3.38234 -3.67872 1.46454 -0.39413 
Fopt: 73.4
F(Xopt): 73.4
