Fitness: -446.7167268735876
Objective: 675.9467268735876
Individual: 3.71397 2.01273 0.57242 -1.36197 0.25488 2.30880 2.01419 -2.60000 1.89930 0.90469 -0.47899 -0.86742 -0.57867 -2.49397 -1.61490 -0.26127 1.55562 -2.61411 -2.09661 -1.73791 -0.45399 1.34788 -0.17632 -0.12097 1.65708 
Gradient: -71.30509 -66.43185 -59.09562 -68.80440 -26.80197 2.39164 -133.27905 35.92428 -39.31449 -17.49590 125.71258 50.66039 -11.09294 91.30031 107.36442 -137.24206 27.81299 62.90114 -144.41021 115.13972 -43.70993 -36.17420 -372.20127 305.84150 -212.63101 
Xopt: 1.84918 3.21158 -0.02542 3.88702 2.85699 3.89937 -2.17474 -3.40165 1.94526 3.59667 -3.75589 1.53324 2.81353 -3.54602 -0.73372 -1.18089 3.94949 0.49556 -0.19212 -3.60471 0.65818 2.80994 -2.17061 -2.77451 3.71138 
Fopt: -229.23
F(Xopt): -229.23
