Fitness: 40.9421735014555
Objective: 12.9178264985445
Individual: -1.19276 3.38255 -3.38703 -0.96325 0.50101 -1.04838 3.18767 1.08546 -2.62656 1.38728 1.03720 2.58012 2.07417 -0.95334 -0.43062 1.28326 -0.25780 0.36522 -0.46577 -1.30640 1.35271 0.27862 -0.76897 0.64265 1.26399 
Gradient: 506.19487 -1919.98616 398.38664 -942.84076 1.13817 -435.56118 -2157.90113 -940.59312 3300.42753 -1067.23657 -751.58244 -2016.71574 -1977.73708 -1038.19416 -2450.02568 -560.38431 604.90031 -1856.94624 -144.18001 1010.79408 -1014.92958 2027.31286 -297.05247 1038.49638 928.71509 
Xopt: 0.00000 0.00000 0.00000 0.00000 0.00000 0.00000 0.00000 0.00000 0.00000 0.00000 0.00000 0.00000 0.00000 0.00000 0.00000 0.00000 0.00000 0.00000 0.00000 0.00000 0.00000 0.00000 0.00000 0.00000 0.00000 
Fopt: -53.86
F(Xopt): -53.60962625728023
