Fitness: -298.7405165473996
Objective: 8.900516547399604
Individual: -2.00811 4.12215 -1.02429 1.00982 1.75635 0.15928 0.36574 -1.47450 1.77962 -0.58126 -0.73759 0.14817 1.75818 2.21882 -0.70736 1.14714 1.35447 -2.01314 -1.79864 0.29553 0.40897 -1.55695 1.11867 -0.80718 1.59353 
Gradient: -40.98204 976.68329 -589.17412 338.71316 175.73159 -32.05376 -131.29714 -248.41502 243.75862 -763.64573 117.70793 935.81721 145.47979 623.13282 30.59916 16.01838 420.82472 -198.79243 -140.83253 -246.55542 -685.69587 -653.50152 169.12806 556.17515 -21.78011 
Xopt: 0.00000 0.00000 0.00000 0.00000 0.00000 0.00000 0.00000 0.00000 0.00000 0.00000 0.00000 0.00000 0.00000 0.00000 0.00000 0.00000 0.00000 0.00000 0.00000 0.00000 0.00000 0.00000 0.00000 0.00000 0.00000 
Fopt: 289.84
F(Xopt): 290.09037374271975
