Fitness: -65.7191359021102
Objective: 10.639135902110198
Individual: -2.94980 0.94083 -1.41300 -3.56717 1.22087 -1.72397 0.79830 -0.77744 -0.58495 -0.49830 -0.95544 2.10143 -1.74938 -1.82938 -0.92350 1.67470 1.28998 -0.69467 0.51494 -1.73620 -0.09300 -2.45529 -0.97466 0.23476 0.33161 
Gradient: 165.85552 1031.34804 -1343.18786 -1898.97009 -1478.93820 2194.94718 833.93568 469.56590 -554.05790 -1337.99790 1362.16643 1031.88384 -172.53504 -1004.28230 -1035.53790 -1478.96352 1105.50202 -790.29161 527.66145 945.79335 579.82043 -487.26074 1638.60835 -691.25218 11.13883 
Xopt: 0.00000 0.00000 0.00000 0.00000 0.00000 0.00000 0.00000 0.00000 0.00000 0.00000 0.00000 0.00000 0.00000 0.00000 0.00000 0.00000 0.00000 0.00000 0.00000 0.00000 0.00000 0.00000 0.00000 0.00000 0.00000 
Fopt: 55.08
F(Xopt): 55.330373742719765
