Fitness: -93.79561710203298
Objective: 7.405617102032977
Individual: 2.14741 -0.66214 2.63085 -1.11126 2.13206 1.92114 -0.42068 -1.72482 0.41265 0.52395 -0.24128 -0.03576 0.64704 0.48104 0.00507 0.81255 1.58093 0.88759 -1.53343 -0.04016 0.96431 -0.09787 0.08632 -0.78895 -0.93045 
Gradient: 570.82106 -132.98102 345.28696 -649.43162 -731.35759 -33.33773 -1017.33956 -226.22445 97.71490 -133.65700 -42.79482 323.30722 -22.26702 457.95140 314.02986 -114.69227 295.49297 50.81026 -868.63145 171.22549 -104.36225 759.70067 -73.93114 252.48304 5.22818 
Xopt: 0.00000 0.00000 0.00000 0.00000 0.00000 0.00000 0.00000 0.00000 0.00000 0.00000 0.00000 0.00000 0.00000 0.00000 0.00000 0.00000 0.00000 0.00000 0.00000 0.00000 0.00000 0.00000 0.00000 0.00000 0.00000 
Fopt: 86.39
F(Xopt): 86.64037374271977
