Fitness: -245.68085413376087
Objective: 8.040854133760888
Individual: -1.03208 -1.52279 -0.94301 -0.68406 1.25117 -2.08425 -1.97417 -0.37852 -1.86581 2.19277 -1.17025 -0.66231 1.65234 0.78496 -0.80304 1.13207 -2.54266 -0.92610 0.66936 0.75636 -0.54060 -0.66488 0.10142 -2.26076 0.31376 
Gradient: -456.91390 -426.54964 -1881.26223 -3010.35036 52.02276 -2182.70621 -2153.58711 935.13575 -304.70091 1547.66197 -851.44548 -1623.10036 1041.14543 314.51263 -503.06893 614.39259 -890.19867 902.10480 770.85333 1405.40991 281.13906 -297.09446 1348.81257 5.55739 2.02980 
Xopt: 0.00000 0.00000 0.00000 0.00000 0.00000 0.00000 0.00000 0.00000 0.00000 0.00000 0.00000 0.00000 0.00000 0.00000 0.00000 0.00000 0.00000 0.00000 0.00000 0.00000 0.00000 0.00000 0.00000 0.00000 0.00000 
Fopt: 237.64
F(Xopt): 237.89037374271976
