Fitness: -65.17144225141318
Objective: 7.591442251413184
Individual: -0.42722 -0.17477 1.56930 1.43250 2.52141 -0.51812 2.95537 2.63362 1.78688 1.00046 -2.24939 -1.07247 -1.17659 1.52087 -1.73730 0.43673 -0.68951 1.20425 0.92013 0.75725 1.31948 -0.58420 0.96331 0.84022 0.74939 
Gradient: 215.44184 -64.45509 1291.37931 623.13271 1056.38710 -715.04670 642.38673 1306.81436 559.18381 -245.70974 -50.37230 -738.77757 -612.61459 493.57631 -404.15663 424.15206 1494.41473 -550.71542 -572.70860 741.61567 11.65662 73.34199 -502.29903 909.68288 -175.51912 
Xopt: 0.00000 0.00000 0.00000 0.00000 0.00000 0.00000 0.00000 0.00000 0.00000 0.00000 0.00000 0.00000 0.00000 0.00000 0.00000 0.00000 0.00000 0.00000 0.00000 0.00000 0.00000 0.00000 0.00000 0.00000 0.00000 
Fopt: 57.58
F(Xopt): 57.830373742719765
