Fitness: 49.00599336830505
Objective: 6.984006631694953
Individual: 2.37721 1.65425 0.57448 0.38734 1.07135 -1.08607 -2.17482 0.79211 0.39129 0.68103 1.32494 -0.08058 -1.70515 0.98335 -1.62960 0.31165 0.26046 -0.46879 1.13181 -0.01667 -0.33960 -1.52304 0.32273 -1.01241 -0.86199 
Gradient: 425.46028 328.63268 -413.74277 26.58480 139.27947 57.83523 -210.30233 -141.68951 132.86080 -170.67761 -378.24666 132.27687 -275.70953 616.06995 -167.54931 -158.20933 -250.63823 122.50086 -326.99434 54.94975 527.08674 19.56837 65.58073 -10.34385 114.80847 
Xopt: 0.00000 0.00000 0.00000 0.00000 0.00000 0.00000 0.00000 0.00000 0.00000 0.00000 0.00000 0.00000 0.00000 0.00000 0.00000 0.00000 0.00000 0.00000 0.00000 0.00000 0.00000 0.00000 0.00000 0.00000 0.00000 
Fopt: -55.99
F(Xopt): -55.739626257280236
