Fitness: -100.11587045000702
Objective: 7.5258704500070195
Individual: 2.14393 0.40707 0.75248 1.47900 1.38516 0.98225 0.45027 0.73452 0.29722 0.00702 -2.36284 0.43049 0.30202 -0.83446 0.65327 -0.10291 0.72073 -1.34501 0.57328 0.50903 -1.65651 -0.78873 -0.67979 1.09176 -0.43856 
Gradient: 724.62723 24.59298 510.14574 -464.63907 -135.89906 256.83959 362.32661 -636.97842 -327.94926 -85.74160 -27.85284 418.76673 58.96616 -440.68692 113.76735 461.23348 -84.03560 -97.63378 86.83816 15.79737 235.51500 -437.24522 211.79417 379.73551 0.60073 
Xopt: 0.00000 0.00000 0.00000 0.00000 0.00000 0.00000 0.00000 0.00000 0.00000 0.00000 0.00000 0.00000 0.00000 0.00000 0.00000 0.00000 0.00000 0.00000 0.00000 0.00000 0.00000 0.00000 0.00000 0.00000 0.00000 
Fopt: 92.59
F(Xopt): 92.84037374271978
