Fitness: 250.41194956496005
Objective: 6.348050435039937
Individual: -1.27123 0.29458 -0.86012 0.71427 -0.87811 -1.18261 -2.05548 -2.50466 -1.61402 1.70746 0.60008 -1.17788 0.11174 -0.14496 0.77224 0.43560 0.37751 -0.11975 0.34810 1.10956 -1.11910 -0.89033 0.05719 -0.74324 0.18983 
Gradient: 337.93197 163.19041 -118.53653 -300.25643 -337.02366 82.35755 297.78367 213.04594 40.55032 339.46500 -430.30173 -56.13293 -14.52480 -169.36350 -255.36338 -25.96575 -481.00715 -158.50664 -312.45187 -90.87017 -15.21002 -2.26173 -334.26455 -314.51290 -109.60201 
Xopt: 0.00000 0.00000 0.00000 0.00000 0.00000 0.00000 0.00000 0.00000 0.00000 0.00000 0.00000 0.00000 0.00000 0.00000 0.00000 0.00000 0.00000 0.00000 0.00000 0.00000 0.00000 0.00000 0.00000 0.00000 0.00000 
Fopt: -256.76
F(Xopt): -256.5096262572802
