Fitness: 79.61432491923796
Objective: 9.405675080762038
Individual: -0.90004 2.09415 4.25056 -0.57184 0.94361 1.05258 -0.85211 0.25204 -1.36204 0.39931 -1.11294 -1.60225 1.45478 -2.29373 -0.98720 0.20254 -0.41618 -2.59934 -0.71028 2.26276 0.74776 1.21238 1.48932 1.20937 1.66084 
Gradient: -1902.49971 1435.12253 1730.23417 913.53444 1685.70814 824.01553 -3007.67709 496.42070 -2105.98812 -1936.20825 1734.08764 1480.42104 -1758.14080 -214.95772 -263.73155 306.21185 -29.73056 118.31570 1587.43788 2323.94009 1648.63887 1290.98987 -997.59136 -1659.07820 326.70270 
Xopt: 0.00000 0.00000 0.00000 0.00000 0.00000 0.00000 0.00000 0.00000 0.00000 0.00000 0.00000 0.00000 0.00000 0.00000 0.00000 0.00000 0.00000 0.00000 0.00000 0.00000 0.00000 0.00000 0.00000 0.00000 0.00000 
Fopt: -89.02
F(Xopt): -88.76962625728022
