Fitness: -31.235467515104975
Objective: 0.245467515104977
Individual: 2.87523 2.24040 1.77017 1.63235 2.12046 -2.89038 2.24766 0.17689 2.65606 3.43819 
Gradient: 0.00000 0.00000 0.00000 0.00000 0.00000 -0.00000 0.00000 0.00000 0.00000 0.00000 
Xopt: 1.84129 2.13149 2.16075 0.72766 3.43553 -0.88554 0.73464 0.64045 -0.06965 3.22997 
Fopt: 30.99
F(Xopt): 30.99
