Fitness: -62.13
Objective: 0.0
Individual: 2.15934 3.20814 -0.18291 3.98229 2.77339 3.69935 -2.27781 -3.40705 1.83090 3.79549 
Gradient: 0.00000 0.00000 -0.00000 0.00000 0.00001 0.00000 -0.00001 -0.00000 0.00000 0.00000 
Xopt: 1.84918 3.21158 -0.02542 3.88702 2.85699 3.89937 -2.17474 -3.40165 1.94526 3.59667 
Fopt: 62.13
F(Xopt): 62.13
