Fitness: 138.86039453229088
Objective: 0.00960546770912174
Individual: 1.49197 -3.07538 -0.73408 -0.11460 0.51811 1.78482 -1.75692 2.44366 -1.66578 3.36142 
Gradient: 0.00000 -0.00000 -0.00000 -0.00000 0.00000 0.00000 -0.00000 0.00000 -0.00000 0.00000 
Xopt: 1.84416 -3.29393 -0.08876 -0.30530 -0.41121 1.58170 -1.77786 2.07969 -2.24604 3.36331 
Fopt: -138.87
F(Xopt): -138.87
