Fitness: 12.064556961599846
Objective: 0.015443038400153597
Individual: 2.65253 -3.38019 -3.57025 2.80208 -1.16650 1.11803 2.31340 -3.97638 1.36465 4.18407 
Gradient: 0.00000 -0.00000 -0.00000 0.00000 -0.00000 0.00000 0.00000 -0.00000 0.00000 0.00000 
Xopt: 1.84846 -3.43206 -3.46304 2.14526 -2.18132 1.28256 2.45339 -3.76146 2.48936 3.56333 
Fopt: -12.08
F(Xopt): -12.08
