Fitness: -29.761001456891496
Objective: 0.4410014568914953
Individual: 0.44971 0.17911 -0.41619 -4.98373 -1.56308 0.01987 4.57309 3.56577 -4.97990 3.60430 
Gradient: 0.00000 0.00000 -0.00000 -0.00000 -0.00000 0.00000 0.00000 0.00000 -0.00000 0.00000 
Xopt: 1.84631 0.63700 2.22410 -3.08002 -1.29627 1.43213 0.33776 3.15911 -3.87834 3.46332 
Fopt: 29.32
F(Xopt): 29.32
