Fitness: -67.43000000000002
Objective: 1.4210854715202004E-14
Individual: 2.10645 -0.67984 -2.13631 -1.26696 3.68638 -3.90069 3.56446 3.53563 3.67990 3.65316 
Gradient: 0.00000 0.00000 -0.00000 -0.00000 0.00001 -0.00001 0.00000 0.00000 0.00000 0.00000 
Xopt: 1.84703 -0.71935 -2.33828 -1.33826 3.74205 -3.95106 3.70964 3.51892 3.57756 3.49666 
Fopt: 67.43
F(Xopt): 67.43
