Fitness: -49.73000000000004
Objective: 4.263256414560601E-14
Individual: 1.83526 1.92868 -1.23727 3.35855 1.78592 -0.97505 -2.80013 2.83369 -3.36938 3.20138 
Gradient: 0.00000 0.00000 -0.00000 0.00001 0.00000 -0.00000 -0.00001 0.00000 -0.00000 0.00000 
Xopt: 1.84559 1.99336 -1.21352 3.17822 1.66542 -1.18468 -3.03411 2.79930 -3.33424 3.42998 
Fopt: 49.73
F(Xopt): 49.73
