Fitness: 65.41873736353766
Objective: 0.021262636462338946
Individual: 1.37878 0.57537 -1.80636 1.84531 0.34916 1.29079 -2.93304 0.73091 -0.49491 2.38014 
Gradient: 0.20808 -2.81880 -0.04422 -2.18699 -0.45177 0.00006 -2.08015 -0.16655 0.39081 0.13322 
Xopt: 1.38151 0.58135 -1.80122 1.85206 0.35538 1.29845 -2.92011 0.75019 -0.46031 2.44748 
Fopt: -65.44
F(Xopt): -65.44
