Fitness: -30.226604144590578
Objective: 0.9066041445905775
Individual: 1.37597 0.46269 1.64313 -2.35686 -1.05687 0.91520 -0.03342 1.88481 -3.64120 1.66876 
Gradient: -0.96291 -1.50724 0.00008 -2.21578 0.00001 -1.61518 -1.33768 0.00004 -1.06235 -0.06378 
Xopt: 1.38473 0.47775 1.66807 -2.31002 -0.97220 1.07410 0.25332 2.36934 -2.90876 2.59749 
Fopt: 29.32
F(Xopt): 29.32
