Fitness: 137.6041997859343
Objective: 1.265800214065706
Individual: 1.37387 -2.48863 -0.09909 -0.28918 -0.42350 0.97635 -1.70370 0.96273 -2.51496 1.55124 
Gradient: -0.11027 -1.37027 -0.82281 -0.00002 -2.37630 -0.74710 -1.26909 -1.06424 -0.22226 0.00001 
Xopt: 1.38312 -2.47045 -0.06657 -0.22898 -0.30841 1.18627 -1.33340 1.55976 -1.68453 2.52248 
Fopt: -138.87
F(Xopt): -138.87
