Fitness: 11.885387931330282
Objective: 0.19461206866971814
Individual: 1.38252 -2.58043 -2.60713 1.59073 -1.66711 0.90305 1.73287 -3.02057 1.50975 2.08537 
Gradient: -0.50720 -0.90441 -0.00013 -1.70641 -0.00008 -2.31084 0.00007 -0.33178 -0.27573 -0.04583 
Xopt: 1.38634 -2.57405 -2.59728 1.60894 -1.63599 0.96192 1.84004 -2.82109 1.86702 2.67250 
Fopt: -12.08
F(Xopt): -12.08
