Fitness: 99.9114932024426
Objective: 4.048506797557394
Individual: -0.60612 2.50589 2.50588 1.06959 -2.54385 -2.87903 1.13857 1.71740 -2.30551 2.16500 
Gradient: 1.54001 0.00012 -0.10535 0.23317 0.12848 0.73033 0.10298 -0.17080 -0.00013 -0.40272 
Xopt: 1.38366 2.51228 2.51164 1.07734 -2.52967 -2.85112 1.19551 1.82962 -2.09261 2.54749 
Fopt: -103.96
F(Xopt): -103.96
