Fitness: -68.39596180662622
Objective: 7.7559618066262175
Individual: -0.55703 -1.65902 0.63905 -0.02963 0.03619 -1.78627 -1.63533 1.92198 1.28514 1.64771 
Gradient: -0.55494 -1.51219 -0.04907 -1.15536 -2.09290 -0.00002 -0.59766 -0.01136 -0.00406 0.02265 
Xopt: 1.38581 -1.55678 0.82450 0.30262 0.58527 -1.00069 -0.68886 2.90905 2.27510 2.64750 
Fopt: 60.64
F(Xopt): 60.64
