Fitness: -68.71571210389587
Objective: 6.585712103895865
Individual: 1.11350 1.93470 -0.73177 2.00570 1.16013 1.93516 -2.62083 -3.54102 0.46895 1.69759 
Gradient: 0.02179 -3.57001 -0.21285 -0.57213 -0.19488 0.04492 -0.00003 0.00245 0.00000 -0.00180 
Xopt: 1.38688 2.40869 -0.01906 2.91526 2.14274 2.92453 -1.63105 -2.55124 1.45895 2.69750 
Fopt: 62.13
F(Xopt): 62.13
