Fitness: -56.997140011410785
Objective: 7.267140011410788
Individual: 0.97126 0.84727 -1.78352 1.40698 0.25956 -1.87829 -3.26497 1.10970 -3.49068 1.57263 
Gradient: -2.61157 -0.13312 -1.60663 -0.59011 -0.03029 -0.00034 0.07950 0.00163 -0.00004 0.00759 
Xopt: 1.38419 1.49502 -0.91014 2.38366 1.24906 -0.88851 -2.27558 2.09948 -2.50068 2.57249 
Fopt: 49.73
F(Xopt): 49.73
