Fitness: -37.99024194167065
Objective: 7.000241941670648
Individual: 1.02880 1.01900 0.80812 -0.41188 1.58740 -1.65392 -0.43881 -0.50934 -1.04223 1.42261 
Gradient: -0.88835 -2.83737 0.00002 -0.62758 -0.22971 0.00197 0.00024 0.02409 0.00003 0.00743 
Xopt: 1.38097 1.59862 1.62057 0.54574 2.57665 -0.66416 0.55098 0.48034 -0.05224 2.42248 
Fopt: 30.99
F(Xopt): 30.99
