Fitness: -74.71140641310434
Objective: 7.281406413104335
Individual: 0.97226 -1.19679 -2.62552 -1.97957 1.81692 -3.95201 1.79312 1.64944 1.69317 1.62232 
Gradient: -0.39559 -3.15127 0.00635 -0.50690 -0.06499 0.20960 0.13055 0.00524 0.00002 -0.05359 
Xopt: 1.38527 -0.53952 -1.75371 -1.00370 2.80654 -2.96330 2.78223 2.63919 2.68317 2.62249 
Fopt: 67.43
F(Xopt): 67.43
