Fitness: 134.66831124057725
Objective: 4.201688759422751
Individual: -3.58393 4.49758 -0.51644 0.68053 -0.66015 2.46468 2.21128 1.79098 -1.10239 3.75359 
Gradient: -76.49670 -217.28565 84.90023 -90.45623 -306.02848 -238.96084 -72.53051 500.51802 -199.53033 57.15023 
Xopt: 1.84416 -3.29393 -0.08876 -0.30530 -0.41121 1.58170 -1.77786 2.07969 -2.24604 3.36331 
Fopt: -138.87
F(Xopt): -138.87
