Fitness: 7.718000955368163
Objective: 4.361999044631837
Individual: -4.36071 2.99592 0.34386 2.70788 2.14760 2.95758 -3.42595 -1.37345 2.69531 -1.06429 
Gradient: -448.21867 134.32655 -402.69855 287.33249 -346.82850 225.66160 -12.48528 598.18393 527.88918 -0.66568 
Xopt: 1.84846 -3.43206 -3.46304 2.14526 -2.18132 1.28256 2.45339 -3.76146 2.48936 3.56333 
Fopt: -12.08
F(Xopt): -12.08
