Fitness: -69.67817737723126
Objective: 2.248177377231258
Individual: 2.23056 -3.19150 -1.91028 2.69695 -3.13167 -2.34704 -3.20366 -1.23702 0.93088 -2.53924 
Gradient: 411.01141 14.83109 59.10164 229.17769 404.59427 -25.38461 248.64421 -37.73380 17.58094 -10.72913 
Xopt: 1.84703 -0.71935 -2.33828 -1.33826 3.74205 -3.95106 3.70964 3.51892 3.57756 3.49666 
Fopt: 67.43
F(Xopt): 67.43
