Fitness: 62.68465172959912
Objective: 2.75534827040088
Individual: 4.30111 2.66420 -2.11407 1.17577 0.46146 -1.61819 -0.46314 -1.98516 -2.21780 0.17479 
Gradient: -547.80429 -313.79121 -548.89764 102.20124 -680.57003 13.78180 834.80250 186.44065 -367.59376 42.05042 
Xopt: 1.84201 0.77513 -2.40163 2.46942 0.47384 1.73127 -3.89349 1.00026 -0.61375 3.26330 
Fopt: -65.44
F(Xopt): -65.44
