Fitness: -53.43764046657991
Objective: 3.7076404665799103
Individual: 2.84228 0.86446 -4.10595 3.24243 3.90384 4.46291 -0.30265 -4.01209 3.65017 -3.05697 
Gradient: -208.12531 65.20763 -293.03440 120.50926 81.48229 -63.30654 700.71451 -9.43412 23.78360 695.76994 
Xopt: 1.84559 1.99336 -1.21352 3.17822 1.66542 -1.18468 -3.03411 2.79930 -3.33424 3.42998 
Fopt: 49.73
F(Xopt): 49.73
