Fitness: -63.65860836298919
Objective: 1.5286083629891891
Individual: 4.99061 3.77884 2.94693 1.07355 -0.53023 3.86256 4.36396 -1.87628 1.09877 -0.29702 
Gradient: -95.15847 -100.80213 170.39595 -128.15480 -110.98594 43.31252 -8.20049 -286.54597 183.37339 -166.31095 
Xopt: 1.84918 3.21158 -0.02542 3.88702 2.85699 3.89937 -2.17474 -3.40165 1.94526 3.59667 
Fopt: 62.13
F(Xopt): 62.13
