Fitness: 97.88758711084914
Objective: 6.072412889150854
Individual: 0.83645 -0.64349 3.81963 1.20926 0.34661 -4.99120 -0.64701 3.33014 1.07611 -1.55645 
Gradient: 33.00001 -85.42589 884.48199 141.87589 661.47904 7.16028 -419.75978 -188.28140 110.11185 -11.54912 
Xopt: 1.84488 3.34971 3.34886 1.43646 -3.37290 -3.80149 1.59401 2.43950 -2.79014 3.39665 
Fopt: -103.96
F(Xopt): -103.96
