Fitness: -71.72119475458635
Objective: 11.081194754586349
Individual: -1.12482 -1.25991 -4.18118 -3.75172 0.31553 4.30534 -0.99378 0.19226 -0.90629 1.20532 
Gradient: -621.89454 97.50239 2439.58431 971.49631 -176.18862 521.62589 -214.07441 -2242.43506 -27.79468 -1218.01947 
Xopt: 1.84774 -2.07571 1.09934 0.40350 0.78036 -1.33425 -0.91849 3.87873 3.03346 3.52999 
Fopt: 60.64
F(Xopt): 60.64
