Fitness: -34.8639387124941
Objective: 3.8739387124940983
Individual: 3.56262 -3.17748 -0.29229 -1.80167 0.76339 -3.99688 0.76878 1.78507 1.04937 3.56140 
Gradient: -353.36146 -20.83105 470.56544 -295.37213 -169.67596 150.82784 -57.18389 8.20970 46.99015 32.61667 
Xopt: 1.84129 2.13149 2.16075 0.72766 3.43553 -0.88554 0.73464 0.64045 -0.06965 3.22997 
Fopt: 30.99
F(Xopt): 30.99
