Fitness: -32.587786647931686
Objective: 3.267786647931686
Individual: -1.95259 -0.91690 4.36691 0.61146 -3.28092 0.84643 3.23669 -3.14131 1.57332 2.29490 
Gradient: -89.29430 353.77920 -245.71433 264.45877 362.51470 -310.32082 3.38587 224.55189 61.66173 9.47429 
Xopt: 1.84631 0.63700 2.22410 -3.08002 -1.29627 1.43213 0.33776 3.15911 -3.87834 3.46332 
Fopt: 29.32
F(Xopt): 29.32
