Fitness: -11.682548987794922
Objective: 11.682548987794922
Individual: -2.64896 1.09174 -1.81351 -5.00000 4.45502 2.02252 -1.20061 1.11650 -5.00000 -0.00000 
Gradient: 78.06041 -650.65746 1164.47908 485.17492 -494.09228 -532.39068 114.80930 -5.16582 565.37163 -0.00000 
Xopt: 1.84774 -2.07571 1.09934 0.40350 0.78036 -1.33425 -0.91849 3.87873 3.03346 3.52999 
Fopt: 0.0
F(Xopt): 0.0
