Fitness: -28.829028160077577
Objective: 28.829028160077577
Individual: -3.56774 -4.20365 3.01034 -0.96867 -2.49720 2.94773 -1.27194 0.86488 -0.35234 -3.67453 
Gradient: -836.45021 -2201.53482 1427.36875 1435.66772 1216.88112 -714.40739 -648.17068 444.12585 -2334.88612 -591.11494 
Xopt: 1.84416 -3.29393 -0.08876 -0.30530 -0.41121 1.58170 -1.77786 2.07969 -2.24604 3.36331 
Fopt: 0.0
F(Xopt): 0.0
