Fitness: -18.56527696691909
Objective: 18.56527696691909
Individual: 3.99061 -3.40396 1.05455 -2.31760 -1.77648 -1.65459 -1.77744 -3.68747 2.12614 2.03832 
Gradient: 673.53568 211.10540 1873.13343 -2471.14284 -3796.50867 -4901.99915 -2289.74472 -291.50405 1335.43927 4116.11883 
Xopt: 1.84559 1.99336 -1.21352 3.17822 1.66542 -1.18468 -3.03411 2.79930 -3.33424 3.42998 
Fopt: 0.0
F(Xopt): 0.0
