Fitness: -21.000359029772746
Objective: 21.000359029772746
Individual: -1.87060 0.11157 -1.40051 4.08185 -1.58896 -0.53777 -1.51538 2.68762 5.00000 1.69246 
Gradient: 320.91053 -411.54419 1919.04907 -477.04018 -406.92958 -2483.84235 -5707.27750 -4318.08803 749.36677 1064.04978 
Xopt: 1.84488 3.34971 3.34886 1.43646 -3.37290 -3.80149 1.59401 2.43950 -2.79014 3.39665 
Fopt: 0.0
F(Xopt): 0.0
