Fitness: -27.762935774102147
Objective: 27.762935774102147
Individual: 4.61420 0.43405 -2.17806 -2.49816 -0.14474 -4.02934 -3.03264 -2.24208 -2.83714 -0.39897 
Gradient: 78.94717 -1129.61739 -615.74831 -2518.90061 4840.51183 265.12285 -478.34145 -1256.95027 -410.84887 -55.82293 
Xopt: 1.84703 -0.71935 -2.33828 -1.33826 3.74205 -3.95106 3.70964 3.51892 3.57756 3.49666 
Fopt: 0.0
F(Xopt): 0.0
