Fitness: -14.26772185740707
Objective: 14.26772185740707
Individual: -1.66295 1.65066 -2.12750 1.53820 4.03689 2.78699 -4.19100 -4.61332 1.26472 -1.52546 
Gradient: 886.32998 105.42026 654.80745 -113.86032 -198.60994 -97.90898 507.60000 1144.77602 489.44066 221.15479 
Xopt: 1.84918 3.21158 -0.02542 3.88702 2.85699 3.89937 -2.17474 -3.40165 1.94526 3.59667 
Fopt: 0.0
F(Xopt): 0.0
