Fitness: -12.276170625946374
Objective: 12.276170625946374
Individual: 1.00000 1.70000 1.00000 1.11302 1.00000 1.00000 1.00000 1.00000 1.37300 1.00000 
Gradient: 32.57968 -66.81163 -297.98880 -194.73852 16.63445 857.94024 -658.26527 -117.42430 417.46529 429.58337 
Xopt: 1.84846 -3.43206 -3.46304 2.14526 -2.18132 1.28256 2.45339 -3.76146 2.48936 3.56333 
Fopt: 0.0
F(Xopt): 0.0
