Fitness: -13.175445168680293
Objective: 13.175445168680293
Individual: 2.03977 4.90737 -0.89017 3.97745 1.09390 -2.79810 1.05448 -0.62906 -4.20344 0.93383 
Gradient: 774.78470 -1200.11164 17.29186 79.49615 1981.44232 -507.05800 897.54867 -1111.21034 -1640.54876 869.07767 
Xopt: 1.84559 1.99336 -1.21352 3.17822 1.66542 -1.18468 -3.03411 2.79930 -3.33424 3.42998 
Fopt: 0.0
F(Xopt): 0.0
