Fitness: -23.141862337134693
Objective: 23.141862337134693
Individual: 5.00000 0.51844 3.99194 -5.00000 3.61079 5.00000 0.00000 1.12742 5.00000 2.22712 
Gradient: 110.31472 -930.70606 706.82766 -1165.12672 911.40661 46.29849 0.00000 -1477.18243 1758.99464 829.07285 
Xopt: 1.84559 1.99336 -1.21352 3.17822 1.66542 -1.18468 -3.03411 2.79930 -3.33424 3.42998 
Fopt: 0.0
F(Xopt): 0.0
