Fitness: -17.378586819903944
Objective: 17.378586819903944
Individual: 3.66045 4.51383 -2.53464 -2.29987 -1.54183 -3.50674 0.14217 2.21939 -1.67386 -1.86607 
Gradient: 331.23561 451.73285 -350.99609 -4459.80165 -803.38797 -2022.68870 1686.48664 -1311.87938 698.23086 -3877.64110 
Xopt: 1.84703 -0.71935 -2.33828 -1.33826 3.74205 -3.95106 3.70964 3.51892 3.57756 3.49666 
Fopt: 0.0
F(Xopt): 0.0
