Fitness: -14.26772185632113
Objective: 14.26772185632113
Individual: -1.66295 1.65066 -2.12750 1.53820 4.03689 2.78699 -4.19100 -4.61332 1.26472 -1.52546 
Gradient: 886.33236 105.41974 654.80715 -113.85639 -198.61127 -97.90724 507.59890 1144.77613 489.45059 221.15492 
Xopt: 1.84918 3.21158 -0.02542 3.88702 2.85699 3.89937 -2.17474 -3.40165 1.94526 3.59667 
Fopt: 0.0
F(Xopt): 0.0
