Fitness: -19.8768384331144
Objective: 19.8768384331144
Individual: 4.89402 0.00000 -4.40817 -3.87823 -3.36927 0.00000 4.17486 0.00000 0.00000 0.00000 
Gradient: 1461.11515 NaN 650.20538 3266.49062 -1233.24591 NaN 2173.62553 NaN NaN NaN 
Xopt: 1.84703 -0.71935 -2.33828 -1.33826 3.74205 -3.95106 3.70964 3.51892 3.57756 3.49666 
Fopt: 0.0
F(Xopt): 0.0
