Fitness: -11.96726617420639
Objective: 11.96726617420639
Individual: 3.39726 3.59816 -1.38516 -5.00000 5.00000 -3.94322 2.50018 0.00000 2.73181 0.00000 
Gradient: 387.36425 -246.24605 -1023.50701 -1474.17802 -1377.36894 -1350.34293 986.45421 NaN -391.78176 NaN 
Xopt: 1.84201 0.77513 -2.40163 2.46942 0.47384 1.73127 -3.89349 1.00026 -0.61375 3.26330 
Fopt: 0.0
F(Xopt): 0.0
