Fitness: -26.401593274381117
Objective: 26.401593274381117
Individual: 4.52850 0.11157 2.33921 -3.54578 -1.58896 4.79302 3.26386 3.21354 4.94973 2.93010 
Gradient: 43.94137 334.29580 2298.86029 2911.34609 -910.43042 -3501.63996 -5949.82649 -6439.80003 3064.62917 697.73811 
Xopt: 1.84488 3.34971 3.34886 1.43646 -3.37290 -3.80149 1.59401 2.43950 -2.79014 3.39665 
Fopt: 0.0
F(Xopt): 0.0
