Fitness: -28.449961101601055
Objective: 28.449961101601055
Individual: -4.94471 -4.36033 4.77072 3.24380 -0.70740 -0.65919 2.47892 0.61632 -1.06481 -4.31228 
Gradient: -675.12110 -25.54672 101.55515 -64.61544 1886.22462 802.86734 -776.94965 669.86077 -1763.28030 808.08124 
Xopt: 1.84201 0.77513 -2.40163 2.46942 0.47384 1.73127 -3.89349 1.00026 -0.61375 3.26330 
Fopt: 0.0
F(Xopt): 0.0
