Fitness: -22.385134329668148
Objective: 22.385134329668148
Individual: -0.46024 1.65117 -0.24965 3.99005 -3.54386 -3.49111 3.92537 -3.54567 -4.67995 0.66190 
Gradient: 3097.42108 -2875.35831 4675.13689 991.36891 1142.25866 3092.96913 -2945.57588 -4.33430 181.03222 -4998.47813 
Xopt: 1.84201 0.77513 -2.40163 2.46942 0.47384 1.73127 -3.89349 1.00026 -0.61375 3.26330 
Fopt: 0.0
F(Xopt): 0.0
