Fitness: -12.21805310563071
Objective: 12.21805310563071
Individual: 4.07149 -2.14915 -5.00000 2.48231 -5.00000 -1.87296 4.81743 4.83621 3.02562 -3.85127 
Gradient: -87.95227 499.09146 -405.29263 -371.03106 -1138.55866 -508.36928 -1310.59750 -855.26545 -76.50067 701.22514 
Xopt: 1.84846 -3.43206 -3.46304 2.14526 -2.18132 1.28256 2.45339 -3.76146 2.48936 3.56333 
Fopt: 0.0
F(Xopt): 0.0
