Fitness: -5.502450210221646
Objective: 5.502450210221646
Individual: -0.78382 -2.28862 3.44034 -0.69042 -1.81442 -0.12195 -1.72572 -2.77577 1.80826 -1.65085 
Gradient: -376.97449 -877.94214 608.57437 -441.63009 -149.87875 -761.94206 -615.31680 -1269.87831 946.09349 -633.50544 
Xopt: 1.84918 3.21158 -0.02542 3.88702 2.85699 3.89937 -2.17474 -3.40165 1.94526 3.59667 
Fopt: 0.0
F(Xopt): 0.0
