Fitness: -23.317353262871492
Objective: 23.317353262871492
Individual: 1.20023 1.00000 1.00000 1.00000 1.00000 1.00000 1.00000 1.00000 1.00000 1.70000 
Gradient: -1502.71705 2329.47711 -828.75669 154.79173 1552.22989 233.53390 -758.84834 -325.40538 394.52996 2017.58849 
Xopt: 1.84201 0.77513 -2.40163 2.46942 0.47384 1.73127 -3.89349 1.00026 -0.61375 3.26330 
Fopt: 0.0
F(Xopt): 0.0
