Fitness: -28.45384738679139
Objective: 28.45384738679139
Individual: 4.27916 3.31614 2.40608 -2.63395 -4.12738 4.43961 -1.03953 -2.65494 -2.37762 0.16579 
Gradient: -1385.00463 -802.52467 -403.29794 940.43941 -1773.94660 -419.85335 341.74981 1940.44593 30.46076 10.68185 
Xopt: 1.84846 -3.43206 -3.46304 2.14526 -2.18132 1.28256 2.45339 -3.76146 2.48936 3.56333 
Fopt: 0.0
F(Xopt): 0.0
