Fitness: -19.972526659223682
Objective: 19.972526659223682
Individual: -1.65385 1.40536 1.30162 0.68072 -4.33397 3.04913 0.44920 3.22237 4.70451 -2.18832 
Gradient: -2289.28075 -1145.82087 1348.69782 480.56143 529.32852 1839.32619 570.89964 -2164.46550 752.65500 1132.89807 
Xopt: 1.84559 1.99336 -1.21352 3.17822 1.66542 -1.18468 -3.03411 2.79930 -3.33424 3.42998 
Fopt: 0.0
F(Xopt): 0.0
