Fitness: -12.228750361592377
Objective: 12.228750361592377
Individual: -1.66295 1.65066 -2.12750 1.55321 4.03689 2.78699 -4.19100 -4.61332 1.26472 -1.52546 
Gradient: 280.25957 -51.44982 483.94880 -415.96474 387.56066 246.55527 1131.70627 1132.92666 -74.53647 710.40582 
Xopt: 1.84918 3.21158 -0.02542 3.88702 2.85699 3.89937 -2.17474 -3.40165 1.94526 3.59667 
Fopt: 0.0
F(Xopt): 0.0
