Fitness: -6.639973730642206
Objective: 6.639973730642206
Individual: 3.21815 -1.16375 -1.21322 -1.99703 3.55097 1.14695 -0.72787 -0.68285 -1.64546 -1.71727 
Gradient: 1018.02284 940.10378 -2876.02857 442.54066 625.99021 -71.41461 -639.74163 -1041.83370 -2513.14556 -2128.85918 
Xopt: 1.84416 -3.29393 -0.08876 -0.30530 -0.41121 1.58170 -1.77786 2.07969 -2.24604 3.36331 
Fopt: 0.0
F(Xopt): 0.0
