Fitness: -22.779448500251366
Objective: 22.779448500251366
Individual: 1.61488 0.00000 -0.63626 0.52074 0.00000 0.00000 -3.73032 0.00000 4.94102 -0.84178 
Gradient: 383.47456 NaN -1310.59631 28.55876 NaN NaN 362.28318 NaN 1315.91631 -881.87196 
Xopt: 1.84846 -3.43206 -3.46304 2.14526 -2.18132 1.28256 2.45339 -3.76146 2.48936 3.56333 
Fopt: 0.0
F(Xopt): 0.0
