Fitness: -9.979430152530858
Objective: 9.979430152530858
Individual: -1.94876 -4.82027 -4.25609 0.49801 3.73238 4.42792 2.78024 -4.31639 -3.54591 -3.76889 
Gradient: -33.02164 -695.17447 -1571.63467 -835.94125 1178.53356 1440.05019 1303.16112 -1085.29192 -981.79589 -411.22846 
Xopt: 1.84774 -2.07571 1.09934 0.40350 0.78036 -1.33425 -0.91849 3.87873 3.03346 3.52999 
Fopt: 0.0
F(Xopt): 0.0
