Fitness: -27.270283859545447
Objective: 27.270283859545447
Individual: -2.24285 0.82541 -3.02445 -4.50866 -3.91358 3.87943 -0.19609 1.71393 -2.91508 -3.30352 
Gradient: -2062.44860 678.26854 -2087.46789 -3362.79414 2047.77372 -1345.01188 -632.68664 -2411.98806 -587.85843 -2875.56950 
Xopt: 1.84703 -0.71935 -2.33828 -1.33826 3.74205 -3.95106 3.70964 3.51892 3.57756 3.49666 
Fopt: 0.0
F(Xopt): 0.0
