Fitness: -32.996305849595075
Objective: 32.996305849595075
Individual: 1.14002 4.27169 1.41112 4.15796 1.01945 -1.76426 -2.73326 -0.07605 0.64497 -3.91850 
Gradient: 340.48177 -1596.18615 -4689.57132 -851.49368 870.74734 3821.39301 -177.40211 269.79419 -2644.98111 -5822.25237 
Xopt: 1.84416 -3.29393 -0.08876 -0.30530 -0.41121 1.58170 -1.77786 2.07969 -2.24604 3.36331 
Fopt: 0.0
F(Xopt): 0.0
