Fitness: -29.3454799387715
Objective: 29.3454799387715
Individual: 2.03575 -1.07457 -2.77416 2.48231 -3.25961 -1.87296 2.40871 4.83621 3.02562 -1.92564 
Gradient: 2041.79300 738.54156 -3640.25778 3005.63600 94.67450 1271.89786 2575.73456 2228.11947 265.31609 -2634.79218 
Xopt: 1.84846 -3.43206 -3.46304 2.14526 -2.18132 1.28256 2.45339 -3.76146 2.48936 3.56333 
Fopt: 0.0
F(Xopt): 0.0
