Fitness: -21.24103164442304
Objective: 21.24103164442304
Individual: 3.55491 0.00000 0.03868 -1.65633 0.00000 0.06940 2.09609 0.00000 0.00000 -3.85950 
Gradient: -1265.72713 NaN 603.47878 -359.83676 NaN 680.55960 830.55069 NaN NaN 964.14795 
Xopt: 1.84201 0.77513 -2.40163 2.46942 0.47384 1.73127 -3.89349 1.00026 -0.61375 3.26330 
Fopt: 0.0
F(Xopt): 0.0
