Fitness: -6.385239005916405
Objective: 6.385239005916405
Individual: -1.30197 4.82694 -1.94995 -5.00000 -0.15424 -4.91547 0.00000 2.88070 3.50294 -2.47936 
Gradient: 832.67431 -427.00606 -719.94358 -600.00269 139.58425 734.29988 NaN 488.23053 1044.44562 -279.73984 
Xopt: 1.84631 0.63700 2.22410 -3.08002 -1.29627 1.43213 0.33776 3.15911 -3.87834 3.46332 
Fopt: 0.0
F(Xopt): 0.0
