Fitness: -12.347384966840957
Objective: 12.347384966840957
Individual: -0.01882 -4.28082 -4.19383 1.98876 2.99182 0.22722 4.37338 -1.01354 -1.85695 4.48732 
Gradient: -101.46106 -292.66656 2418.41526 868.10384 -281.92957 -788.42572 -377.21419 1125.04471 1390.76824 -686.05286 
Xopt: 1.84774 -2.07571 1.09934 0.40350 0.78036 -1.33425 -0.91849 3.87873 3.03346 3.52999 
Fopt: 0.0
F(Xopt): 0.0
