Fitness: -26.854113017031256
Objective: 26.854113017031256
Individual: 2.03575 -1.07457 2.40608 0.00000 -3.25961 0.00000 2.40871 4.83621 0.00000 -1.92564 
Gradient: 956.89764 192.61589 151.84621 NaN 1473.80342 NaN 53.48181 -131.60423 NaN -990.52020 
Xopt: 1.84846 -3.43206 -3.46304 2.14526 -2.18132 1.28256 2.45339 -3.76146 2.48936 3.56333 
Fopt: 0.0
F(Xopt): 0.0
