Fitness: -25.046618916070692
Objective: 25.046618916070692
Individual: 4.41259 -4.19421 -2.58548 3.05251 2.48478 1.24927 -1.79911 4.18310 -3.63067 1.55541 
Gradient: 1026.39536 3871.61797 -274.81552 -2361.90533 330.55036 558.80131 395.27213 -680.09747 2850.37510 3117.81077 
Xopt: 1.84416 -3.29393 -0.08876 -0.30530 -0.41121 1.58170 -1.77786 2.07969 -2.24604 3.36331 
Fopt: 0.0
F(Xopt): 0.0
