Fitness: -21.846924549033954
Objective: 21.846924549033954
Individual: 5.00000 -5.00000 -2.18810 0.00000 -1.53039 -5.00000 1.83040 -5.00000 -5.00000 4.99984 
Gradient: -2137.86229 -474.15659 794.46882 NaN -1727.04145 -82.89284 -1320.40256 -2514.43613 133.82996 1276.13129 
Xopt: 1.84488 3.34971 3.34886 1.43646 -3.37290 -3.80149 1.59401 2.43950 -2.79014 3.39665 
Fopt: 0.0
F(Xopt): 0.0
