Fitness: -18.865565878204336
Objective: 18.865565878204336
Individual: 2.55057 -0.52131 3.45530 -0.68264 -0.01527 0.01168 0.00000 -4.77927 2.49029 -1.92405 
Gradient: 489.53011 -721.55425 1053.05947 -142.44467 -1227.05149 -647.83148 NaN 154.38003 994.32311 2435.99941 
Xopt: 1.84416 -3.29393 -0.08876 -0.30530 -0.41121 1.58170 -1.77786 2.07969 -2.24604 3.36331 
Fopt: 0.0
F(Xopt): 0.0
