Fitness: -27.523765420280416
Objective: 27.523765420280416
Individual: 3.99061 -3.47826 1.05455 -2.31760 -1.98380 2.92542 -1.83316 2.55410 -1.56491 2.83295 
Gradient: 946.85391 131.27929 -774.37679 -891.97962 2098.88357 -2659.86023 138.77934 122.85978 -104.60337 -922.57942 
Xopt: 1.84559 1.99336 -1.21352 3.17822 1.66542 -1.18468 -3.03411 2.79930 -3.33424 3.42998 
Fopt: 0.0
F(Xopt): 0.0
