Fitness: -15.430140605815582
Objective: 15.430140605815582
Individual: -1.22283 3.77273 -3.64227 -4.16390 -4.83151 1.32844 0.60756 -0.41402 1.39093 -1.02620 
Gradient: 22.78008 794.36213 -648.52000 -779.45502 301.19661 234.71158 408.43653 142.50352 657.92790 35.46070 
Xopt: 1.84416 -3.29393 -0.08876 -0.30530 -0.41121 1.58170 -1.77786 2.07969 -2.24604 3.36331 
Fopt: 0.0
F(Xopt): 0.0
