Fitness: -12.658507504823378
Objective: 12.658507504823378
Individual: 2.19698 1.54773 -1.24651 4.55900 -0.00874 -4.71654 -3.62017 -4.03516 2.04100 1.53677 
Gradient: 661.27405 799.28211 -1562.18416 -1164.47997 -257.36035 -2544.26222 -688.00220 -446.47079 967.44665 -1346.40571 
Xopt: 1.84631 0.63700 2.22410 -3.08002 -1.29627 1.43213 0.33776 3.15911 -3.87834 3.46332 
Fopt: 0.0
F(Xopt): 0.0
