Fitness: -9.188852272044517
Objective: 9.188852272044517
Individual: -2.61702 0.00000 0.00000 0.00000 0.32083 -3.55399 0.71516 0.00000 1.99674 2.22165 
Gradient: 663.73996 NaN NaN NaN -699.67606 327.95275 -57.18611 NaN 1232.75466 805.44677 
Xopt: 1.84631 0.63700 2.22410 -3.08002 -1.29627 1.43213 0.33776 3.15911 -3.87834 3.46332 
Fopt: 0.0
F(Xopt): 0.0
