Fitness: -19.19198591845555
Objective: 19.19198591845555
Individual: -5.00000 -1.45935 -3.77178 0.86177 5.00000 -0.75488 4.15823 1.44332 -2.61634 -2.76469 
Gradient: -1186.86693 3750.39844 1517.01642 -1224.63265 -1397.88231 -268.64214 546.01208 632.56368 212.18556 -971.62800 
Xopt: 1.84129 2.13149 2.16075 0.72766 3.43553 -0.88554 0.73464 0.64045 -0.06965 3.22997 
Fopt: 0.0
F(Xopt): 0.0
