Fitness: -14.077198942882413
Objective: 14.077198942882413
Individual: 2.59553 -0.49751 1.07095 -5.00000 2.88500 4.24396 1.12444 5.00000 0.00000 2.21105 
Gradient: 1025.04797 164.50066 242.39348 -968.31975 -3276.18696 -277.39345 -562.71083 216.06413 NaN -1392.70766 
Xopt: 1.84703 -0.71935 -2.33828 -1.33826 3.74205 -3.95106 3.70964 3.51892 3.57756 3.49666 
Fopt: 0.0
F(Xopt): 0.0
