Fitness: -22.532756725332725
Objective: 22.532756725332725
Individual: 1.16468 -0.39263 0.74427 1.41123 -1.57601 -1.30424 1.14708 -1.44702 0.93830 4.12825 
Gradient: 174.63921 1986.03827 -212.06472 -656.46924 539.32539 341.89661 580.51590 1159.71536 -578.96346 -1031.09790 
Xopt: 1.84774 -2.07571 1.09934 0.40350 0.78036 -1.33425 -0.91849 3.87873 3.03346 3.52999 
Fopt: 0.0
F(Xopt): 0.0
