Fitness: -26.14119201481601
Objective: 26.14119201481601
Individual: -1.46591 2.21064 -0.66032 2.35878 2.57700 -2.66506 2.23173 3.48338 -0.60660 3.86889 
Gradient: 107.57501 429.16632 1279.27141 -181.10613 -695.05075 228.77118 -125.72186 117.68691 -892.37927 -1044.34271 
Xopt: 1.84129 2.13149 2.16075 0.72766 3.43553 -0.88554 0.73464 0.64045 -0.06965 3.22997 
Fopt: 0.0
F(Xopt): 0.0
