Fitness: -19.110545800314387
Objective: 19.110545800314387
Individual: -2.23719 1.38569 -1.65453 3.31704 -0.33026 -2.01272 3.43753 1.60220 -3.12522 2.01570 
Gradient: 1628.61592 -1967.27762 957.30403 -853.23702 22.16479 -531.63795 -1525.61176 -1647.83630 147.55785 614.01361 
Xopt: 1.84488 3.34971 3.34886 1.43646 -3.37290 -3.80149 1.59401 2.43950 -2.79014 3.39665 
Fopt: 0.0
F(Xopt): 0.0
