Fitness: -30.99
Objective: 0.0
Individual: 5.00000 5.00000 5.00000 5.00000 5.00000 -5.00000 5.00000 5.00000 -5.00000 5.00000 
Gradient: 0.00000 0.00000 0.00000 0.00000 0.00000 -0.00000 0.00000 0.00000 -0.00000 0.00000 
Xopt: 5.00000 5.00000 5.00000 5.00000 5.00000 -5.00000 5.00000 5.00000 -5.00000 5.00000 
Fopt: 30.99
F(Xopt): 30.99
