Fitness: -62.13
Objective: 0.0
Individual: 5.00000 5.00000 -5.00000 5.00000 5.00000 5.00000 -5.00000 -5.00000 5.00000 5.00000 
Gradient: 0.00000 0.00000 -0.00000 0.00000 0.00000 0.00000 -0.00000 -0.00000 0.00000 0.00000 
Xopt: 5.00000 5.00000 -5.00000 5.00000 5.00000 5.00000 -5.00000 -5.00000 5.00000 5.00000 
Fopt: 62.13
F(Xopt): 62.13
