Fitness: 12.08
Objective: 0.0
Individual: 5.00000 -5.00000 -5.00000 5.00000 -5.00000 5.00000 5.00000 -5.00000 5.00000 5.00000 
Gradient: 0.00000 -0.00000 -0.00000 0.00000 -0.00000 0.00000 0.00000 -0.00000 0.00000 0.00000 
Xopt: 5.00000 -5.00000 -5.00000 5.00000 -5.00000 5.00000 5.00000 -5.00000 5.00000 5.00000 
Fopt: -12.08
F(Xopt): -12.08
