Fitness: -72294.13364521544
Objective: 72244.24364521544
Individual: 0.94427 -2.06804 -1.90189 0.31361 -1.53417 -0.70803 1.23717 -1.38856 0.67544 1.96421 -0.28759 -0.20425 -0.38737 -0.81119 2.14335 0.24781 0.83749 0.38771 0.83285 0.69087 0.37721 -0.95716 2.60578 0.64031 0.96128 
Gradient: -267.51212 584.94496 2036.38934 -516.66989 1033.43165 -393.98454 -372.90475 6401.75573 -1204.59897 -266.73708 11152.25304 -5338.82645 -6494.79805 -1141.71190 -304.70457 12951.56260 -2756.87445 19379.74199 -313.65604 1486.65512 4912.51514 -657.48152 21370.72978 -3496.46444 -284.02701 
Xopt: 1.38634 -2.57405 -2.59728 1.60894 -1.63599 0.96192 1.84004 -2.82109 1.86702 2.67250 -2.08360 2.46166 2.99488 0.23996 2.86507 -2.04937 0.29453 -2.43872 -0.33966 -0.52283 -1.28101 -1.98457 -0.07525 2.65901 2.34366 
Fopt: 49.89
F(Xopt): 49.89
