Fitness: -24593.56206197489
Objective: 24823.00206197489
Individual: 1.36725 0.77734 -1.68910 2.16738 0.09644 -0.95362 -2.10295 1.07336 -2.53028 1.47239 -0.60466 -1.35114 2.34688 1.00492 0.86768 -2.12285 0.62304 -0.53006 -1.62852 0.27025 -1.45048 0.25268 0.05542 -1.04261 -0.53700 
Gradient: 268.96300 -154.21264 -38.26476 386.93717 -100.02078 70.52542 717.29395 -272.15749 598.26971 -229.15247 -507.63144 -1636.91795 6183.68645 27.66581 15212.42122 -2348.76295 -36.30530 3984.75383 -595.51569 157.46763 1847.73530 642.26429 -880.84449 5531.73700 -1118.21482 
Xopt: 1.38419 1.49502 -0.91014 2.38366 1.24906 -0.88851 -2.27558 2.09948 -2.50068 2.57249 0.84969 1.70856 0.53381 -0.16215 -1.47347 -0.70420 1.62418 -1.68031 -1.12192 2.19998 -2.37961 -0.35269 0.13556 -2.38139 0.58416 
Fopt: -229.44
F(Xopt): -229.44
