Fitness: -61039.01587190009
Objective: 60746.17587190009
Individual: -0.19786 4.06581 0.70467 0.63674 -3.17135 -1.13623 0.28857 1.81671 -3.73880 2.36690 2.65112 -0.16820 0.82464 -0.77033 -2.55791 -0.36811 -0.98062 -1.73629 -0.99111 -0.80458 1.74335 -0.16377 2.46230 -0.20547 2.65229 
Gradient: 512.14533 7930.57422 -1498.74611 -29.40105 -362.92718 8423.79096 -1493.74265 835.50120 -223.52915 -377.77086 666.59785 21442.37349 -2391.37517 -10359.58856 -15614.21026 3238.99647 397.69485 -4019.58756 -772.02694 1751.70639 68.11176 53.15464 3596.10337 -282.99996 212.39778 
Xopt: 1.38366 2.51228 2.51164 1.07734 -2.52967 -2.85112 1.19551 1.82962 -2.09261 2.54749 1.58301 -2.97972 1.41854 2.73732 1.94189 -1.86790 -1.04341 1.50929 -1.31748 -1.61932 1.84574 1.55528 1.68826 2.35851 0.14428 
Fopt: 292.84
F(Xopt): 292.84
