Fitness: -111254.90905857565
Objective: 111272.64905857565
Individual: 0.77254 0.18630 -0.38678 2.28181 1.56549 -1.08822 1.29288 -3.40493 2.27608 -1.94582 0.55794 1.10742 -2.67320 -4.00048 0.67767 -2.06334 -0.72427 0.86493 -0.73746 -1.01113 -0.18935 1.18608 -1.85639 0.40411 1.47981 
Gradient: 87.37810 -310.12880 454.09917 8552.83574 -1498.89032 -210.55889 4407.97170 -6958.09627 18237.67175 -15073.81838 -1066.30729 39739.29745 -7156.48196 -4790.34410 -917.86278 -528.45420 5401.81924 2191.43355 3282.07547 5161.36195 -882.11325 9667.28065 808.48032 367.75187 821.46748 
Xopt: 1.38097 1.59862 1.62057 0.54574 2.57665 -0.66416 0.55098 0.48034 -0.05224 2.42248 -0.75038 -2.42109 -0.15780 -0.76531 1.01871 -1.68643 -2.38135 -0.54269 -2.29531 -2.71580 -1.02750 -0.90488 -2.54823 2.05800 -2.05510 
Fopt: -17.74
F(Xopt): -17.74
