Fitness: -70696.4144302908
Objective: 70625.5444302908
Individual: 0.37557 -0.47282 -0.09707 2.76202 -1.92927 2.59679 -4.25054 -0.77552 1.16780 1.03671 -0.04341 2.70496 1.58412 0.83065 -1.85255 -3.10408 -1.65157 -0.53506 -1.85475 -0.58530 2.97785 0.25616 2.08677 -2.76873 1.18166 
Gradient: -2.14032 45.57604 6387.25880 2689.74008 -658.10443 5292.19067 -1209.12600 364.50840 8166.32986 -1093.13510 4866.56144 -1799.43723 20129.12996 -2474.19081 2708.31327 -2973.27208 -1697.74424 -1987.82762 714.41617 308.26252 8785.53840 23747.17074 -2837.10796 -1181.95235 592.60210 
Xopt: 1.38151 0.58135 -1.80122 1.85206 0.35538 1.29845 -2.92011 0.75019 -0.46031 2.44748 -1.48370 2.26719 -1.04253 2.33521 -2.39665 -0.52273 0.28624 2.26770 -2.09974 1.10349 0.74715 -2.81285 1.89907 -2.68190 -1.61522 
Fopt: 70.87
F(Xopt): 70.87
