Fitness: -15474.06604517444
Objective: 14474.06604517444
Individual: 0.44555 -1.66402 -1.47357 -2.59375 0.83016 -2.95882 2.06354 0.52667 2.17949 0.31569 -0.36053 -1.19301 0.03937 0.74734 -1.12773 2.40087 -0.79797 -1.61743 1.24783 -3.46857 0.34077 -0.46101 -2.66939 -0.25273 -0.40220 
Gradient: 1.21024 35.10546 1394.75645 -761.55931 -248.88208 302.60508 -12.87913 -572.47655 159.06103 -551.15763 340.80816 -678.34544 3508.61571 -184.79172 2430.29389 2195.16598 -523.88014 -343.98758 11120.42943 -1829.04800 104.13489 -460.06461 489.87006 83.56784 -247.26444 
Xopt: 1.38527 -0.53952 -1.75371 -1.00370 2.80654 -2.96330 2.78223 2.63919 2.68317 2.62249 -0.61695 -0.91489 -1.23566 0.03890 -2.30420 1.62322 0.95936 -2.05952 -0.73079 -2.16142 1.16969 1.83137 -2.96985 0.13881 1.46391 
Fopt: 1000.0
F(Xopt): 1000.0
