Fitness: -40286.6143220947
Objective: 40515.8443220947
Individual: 1.13479 2.86779 -0.29938 2.07142 1.10467 0.67469 -1.43366 -1.11319 -1.58073 2.59680 -1.86923 0.55041 2.19670 -0.32688 -2.12659 0.04494 -0.25723 0.71476 -1.16879 -0.54308 0.83990 -0.03027 -3.00610 -0.79434 3.14308 
Gradient: -269.67181 1003.38549 -178.26973 -70.14361 -33.62387 -437.07712 -553.56081 7989.66550 -4263.37684 -1062.10064 2873.09175 -828.16429 -749.91596 16008.86516 -1971.22606 4913.77473 -4376.02772 266.58060 -336.55544 11561.56494 -139.07310 -1355.48037 -13.04375 3969.69507 -773.74673 
Xopt: 1.38688 2.40869 -0.01906 2.91526 2.14274 2.92453 -1.63105 -2.55124 1.45895 2.69750 -2.81692 1.14993 2.11015 -2.65952 -0.55029 -0.88567 2.96212 0.37167 -0.14409 -2.70353 0.49363 2.10746 -1.62796 -2.08088 2.78353 
Fopt: -229.23
F(Xopt): -229.23
