Fitness: -57380.20415447441
Objective: 57293.48415447441
Individual: -0.26284 -1.05995 2.00443 -1.65647 2.58545 0.49356 1.09945 1.50770 -1.45178 1.10490 -0.50264 -1.37352 -0.98419 0.03559 0.31134 -0.29791 -0.39281 1.76848 -0.64639 0.18069 0.40419 -1.53365 0.36752 -0.39132 -0.26702 
Gradient: -251.19629 30.75587 280.84513 -1231.20454 37475.92695 -4351.92846 2750.30814 -790.60983 6907.47459 -1281.59732 165.94742 -256.49774 252.25431 -3016.60620 -701.90137 -179.97627 3901.87497 177.08686 -36.15507 -401.79643 1990.24912 -323.75923 6674.33537 1068.96392 -656.76912 
Xopt: 1.38473 0.47775 1.66807 -2.31002 -0.97220 1.07410 0.25332 2.36934 -2.90876 2.59749 0.11637 0.39683 -0.35093 2.93837 1.11117 0.45951 -1.70823 1.13008 -0.92635 0.01928 -0.60496 -2.26066 -1.41715 -1.12129 1.02403 
Fopt: 86.72
F(Xopt): 86.72
