Fitness: -30330.751454277877
Objective: 30257.351454277876
Individual: 1.44198 -1.78946 -0.43950 0.10890 0.23752 1.12508 -0.97991 -1.95208 -0.78422 -0.01312 1.33835 -1.42749 1.07227 -0.75331 -1.51862 -1.02418 2.18488 -1.36009 -0.60365 1.55907 0.63533 -1.59688 -0.73730 -2.12218 1.41417 
Gradient: -236.98618 1591.69296 -677.42441 320.17431 849.60332 -467.63346 2446.82519 -5305.68536 3032.21327 -2469.33956 -480.08679 1126.67222 -305.00396 170.99379 98.02010 -10257.16061 -1661.73460 -357.83115 1465.36935 1611.32273 -166.97642 475.75872 13576.25560 -4249.73233 -444.25003 
Xopt: 1.38312 -2.47045 -0.06657 -0.22898 -0.30841 1.18627 -1.33340 1.55976 -1.68453 2.52248 2.31633 -1.66799 2.30327 -0.36321 -0.64274 2.96839 2.28900 -1.30111 -1.51305 0.56139 0.07109 -2.53675 -2.75904 1.09841 -0.29560 
Fopt: 73.4
F(Xopt): 73.4
