Fitness: -28110.412622096374
Objective: 27110.412622096374
Individual: 1.12027 -4.82498 1.05241 0.57834 -3.31598 -2.44358 -1.55152 -0.04176 0.13406 1.16578 -1.57190 -3.98188 -0.97752 -2.59806 -1.07450 -0.40231 -0.57763 2.04099 -0.70472 0.99468 -0.50162 1.02420 1.83834 -0.14375 0.30001 
Gradient: 824.31551 -4121.74620 -668.94807 2265.07146 -11195.74621 -1785.33397 94.71985 -4259.85194 -1807.71732 -254.42945 532.61547 199.30652 3170.54482 318.83791 -721.19340 -2218.45723 5781.20939 2941.24313 -765.91560 272.89686 -4316.73861 1790.90614 693.79357 -677.00223 -179.65103 
Xopt: 1.38581 -1.55678 0.82450 0.30262 0.58527 -1.00069 -0.68886 2.90905 2.27510 2.64750 -1.35028 -2.22662 -2.12039 -2.86057 0.28044 2.78692 -2.37306 0.75088 -0.53522 1.65787 2.94434 -0.07660 1.47745 1.39891 1.90378 
Fopt: 1000.0
F(Xopt): 1000.0
