Fitness: -1.584046155638816
Objective: 1.584046155638816
Individual: -0.38732 3.28421 -2.68106 -2.41898 -3.14267 -0.33330 0.58752 -0.66354 -0.22501 -0.47883 
Gradient: 150.72853 -27.90234 -32.06571 88.51254 40.32484 149.98140 -272.15804 -45.70943 121.84316 -112.27844 
Xopt: 1.84774 -2.07571 1.09934 0.40350 0.78036 -1.33425 -0.91849 3.87873 3.03346 3.52999 
Fopt: 0.0
F(Xopt): 0.0
