Fitness: -4.422968580813553
Objective: 4.422968580813553
Individual: -1.66295 1.65066 -2.12750 1.53820 4.03590 2.78699 -4.19068 -4.63585 1.26453 -1.53042 
Gradient: -1084.08320 22.22756 642.67357 869.36241 257.72014 1999.70390 -216.18817 -918.59865 1162.22288 -304.62636 
Xopt: 1.84918 3.21158 -0.02542 3.88702 2.85699 3.89937 -2.17474 -3.40165 1.94526 3.59667 
Fopt: 0.0
F(Xopt): 0.0
