Fitness: -11.938773897539983
Objective: 11.938773897539983
Individual: 1.00000 1.00000 1.00000 1.00000 1.00000 1.00000 1.47152 1.00000 1.00000 1.00000 
Gradient: -611.89780 91.61279 1090.87529 1040.21276 -125.13240 1329.98126 1094.59940 -445.85935 -766.39754 984.80859 
Xopt: 1.84918 3.21158 -0.02542 3.88702 2.85699 3.89937 -2.17474 -3.40165 1.94526 3.59667 
Fopt: 0.0
F(Xopt): 0.0
