Fitness: -17.079315886349217
Objective: 17.079315886349217
Individual: 1.00000 2.70511 1.00000 1.00000 1.00000 1.00000 1.00000 1.00000 1.00000 1.00000 
Gradient: -1082.93182 485.45366 -530.95199 200.63532 353.80591 -758.66073 -715.16022 538.22522 -1014.27664 -252.45374 
Xopt: 1.84774 -2.07571 1.09934 0.40350 0.78036 -1.33425 -0.91849 3.87873 3.03346 3.52999 
Fopt: 0.0
F(Xopt): 0.0
