Fitness: -42.153895825452025
Objective: 42.153895825452025
Individual: 1.00000 1.00000 1.00000 1.00000 1.00000 1.00000 1.00000 1.00000 1.00000 1.38834 
Gradient: 21.68845 -12.89615 -538.69275 -800.90285 88.67739 1089.02290 -1064.69939 -881.56330 -1246.41092 -593.59365 
Xopt: 1.84416 -3.29393 -0.08876 -0.30530 -0.41121 1.58170 -1.77786 2.07969 -2.24604 3.36331 
Fopt: 0.0
F(Xopt): 0.0
