Fitness: -21.23568926994134
Objective: 21.23568926994134
Individual: 1.70000 1.00000 1.00000 1.70000 1.00000 1.00000 1.14359 1.00000 1.00000 1.00000 
Gradient: -1915.19251 -804.09423 516.42764 -359.01117 1612.35110 -2744.42323 -340.98905 -2199.80558 2306.33786 -1513.73953 
Xopt: 1.84559 1.99336 -1.21352 3.17822 1.66542 -1.18468 -3.03411 2.79930 -3.33424 3.42998 
Fopt: 0.0
F(Xopt): 0.0
