Fitness: -14.411762684243259
Objective: 14.411762684243259
Individual: 1.58696 1.00000 1.00000 1.00000 1.00000 1.00000 1.70000 1.00000 1.70000 1.00000 
Gradient: 847.70334 -1429.53559 291.97852 881.47335 -360.43608 636.00385 -432.06167 194.91808 -760.16759 -894.04416 
Xopt: 1.84129 2.13149 2.16075 0.72766 3.43553 -0.88554 0.73464 0.64045 -0.06965 3.22997 
Fopt: 0.0
F(Xopt): 0.0
