Fitness: -23.118188327997345
Objective: 23.118188327997345
Individual: 1.00000 1.00000 1.00000 1.00000 1.00000 1.00000 1.48163 1.00000 1.00000 1.00000 
Gradient: -13.87986 283.48657 -588.15942 -3288.18993 3525.97975 -421.47566 -291.30980 -1395.46682 57.27450 -1541.86748 
Xopt: 1.84703 -0.71935 -2.33828 -1.33826 3.74205 -3.95106 3.70964 3.51892 3.57756 3.49666 
Fopt: 0.0
F(Xopt): 0.0
