Fitness: -9.56793213020468
Objective: 9.56793213020468
Individual: 1.00000 1.00000 1.29047 1.00000 1.02467 1.29047 1.00000 1.00000 1.00000 1.00000 
Gradient: 272.32084 984.72727 -656.33634 -590.37738 839.22417 -481.44591 -32.58919 593.18071 -1227.95211 -982.96049 
Xopt: 1.84488 3.34971 3.34886 1.43646 -3.37290 -3.80149 1.59401 2.43950 -2.79014 3.39665 
Fopt: 0.0
F(Xopt): 0.0
