Fitness: -71.25812411594906
Objective: 3.828124115949052
Individual: 4.45102 -3.95036 2.03309 1.80403 3.51206 -3.99933 -1.99470 1.03599 2.54736 2.88702 
Gradient: 0.00000 -0.00000 0.00000 0.00000 0.00000 -0.00000 -0.00000 0.00000 0.00000 0.00000 
Xopt: 1.84703 -0.71935 -2.33828 -1.33826 3.74205 -3.95106 3.70964 3.51892 3.57756 3.49666 
Fopt: 67.43
F(Xopt): 67.43
