Fitness: -62.27712588630738
Objective: 1.6371258863073805
Individual: 3.17676 0.07837 -2.33076 0.03531 0.63498 -0.57705 -0.42243 2.73330 4.37584 0.85036 
Gradient: 0.00000 0.00000 -0.00000 0.00000 0.00000 -0.00000 -0.00000 0.00000 0.00000 0.00000 
Xopt: 1.84774 -2.07571 1.09934 0.40350 0.78036 -1.33425 -0.91849 3.87873 3.03346 3.52999 
Fopt: 60.64
F(Xopt): 60.64
