Fitness: -64.03970240916468
Objective: 1.909702409164673
Individual: 3.63818 2.51732 -3.94742 0.96054 3.57925 1.57496 -1.05504 1.61579 -0.55721 2.20992 
Gradient: 0.00000 0.00000 -0.00000 0.00000 0.00000 0.00000 -0.00000 0.00000 -0.00000 0.00000 
Xopt: 1.84918 3.21158 -0.02542 3.88702 2.85699 3.89937 -2.17474 -3.40165 1.94526 3.59667 
Fopt: 62.13
F(Xopt): 62.13
