Fitness: 62.23717247956887
Objective: 3.2028275204311285
Individual: 2.18060 -1.14703 1.76768 3.53693 2.60883 0.89175 -4.00336 2.92486 -4.48396 1.08443 
Gradient: 0.00000 -0.00000 0.00000 0.00000 0.00000 0.00000 -0.00000 0.00000 -0.00000 0.00000 
Xopt: 1.84201 0.77513 -2.40163 2.46942 0.47384 1.73127 -3.89349 1.00026 -0.61375 3.26330 
Fopt: -65.44
F(Xopt): -65.44
