Fitness: 61.89399854162583
Objective: 3.546001458374171
Individual: 0.90297 -0.73326 -0.65170 2.90543 2.67075 0.67240 -4.45912 3.33974 -4.57445 0.61376 
Gradient: 0.00000 -0.00000 -0.00000 0.00000 0.00000 0.00000 -0.00000 0.00000 -0.00000 0.00000 
Xopt: 1.84201 0.77513 -2.40163 2.46942 0.47384 1.73127 -3.89349 1.00026 -0.61375 3.26330 
Fopt: -65.44
F(Xopt): -65.44
