Fitness: -65.44871698631081
Objective: 3.318716986310811
Individual: 3.03301 -0.86701 -4.47059 -1.65113 -0.30652 -1.21121 -1.50867 0.34374 2.18059 1.98326 
Gradient: 0.00000 -0.00000 -0.00000 -0.00000 -0.00000 -0.00000 -0.00000 0.00000 0.00000 0.00000 
Xopt: 1.84918 3.21158 -0.02542 3.88702 2.85699 3.89937 -2.17474 -3.40165 1.94526 3.59667 
Fopt: 62.13
F(Xopt): 62.13
