Fitness: -55.944315659026714
Objective: 6.214315659026717
Individual: 0.23365 -0.45535 -4.76057 2.39093 0.62538 -3.39655 0.81390 0.73876 -3.11155 2.55493 
Gradient: 0.00000 -0.00000 -0.00000 0.00000 0.00000 -0.00000 0.00000 0.00000 -0.00000 0.00000 
Xopt: 1.84559 1.99336 -1.21352 3.17822 1.66542 -1.18468 -3.03411 2.79930 -3.33424 3.42998 
Fopt: 49.73
F(Xopt): 49.73
