Fitness: -34.2898231378707
Objective: 3.2998231378706997
Individual: 2.36115 -0.68853 4.59954 2.49067 1.01886 -0.62665 0.34717 0.67314 2.70269 3.62873 
Gradient: 0.00000 -0.00000 0.00000 0.00000 0.00000 -0.00000 0.00000 0.00000 0.00000 0.00000 
Xopt: 1.84129 2.13149 2.16075 0.72766 3.43553 -0.88554 0.73464 0.64045 -0.06965 3.22997 
Fopt: 30.99
F(Xopt): 30.99
