Fitness: 102.55428157138256
Objective: 1.4057184286174333
Individual: 4.88411 0.95474 2.70420 0.87529 -4.39817 -2.61850 0.80851 3.02782 -1.10631 2.16009 
Gradient: 0.00000 0.00000 0.00000 0.00000 -0.00000 -0.00000 0.00000 0.00000 -0.00000 0.00000 
Xopt: 1.84488 3.34971 3.34886 1.43646 -3.37290 -3.80149 1.59401 2.43950 -2.79014 3.39665 
Fopt: -103.96
F(Xopt): -103.96
