Fitness: -31.4742366768647
Objective: 2.1542366768646986
Individual: 1.48842 1.19522 0.48391 -3.24378 -0.71599 -3.68935 3.10983 3.64321 -0.32588 1.85318 
Gradient: 0.00000 0.00000 0.00000 -0.00000 -0.00000 -0.00000 0.00000 0.00000 -0.00000 0.00000 
Xopt: 1.84631 0.63700 2.22410 -3.08002 -1.29627 1.43213 0.33776 3.15911 -3.87834 3.46332 
Fopt: 29.32
F(Xopt): 29.32
