Fitness: -32.40339314535852
Objective: 1.4133931453585227
Individual: 2.38927 0.54597 4.00308 0.73362 1.48204 -0.54962 1.25855 1.91243 2.75361 3.04409 
Gradient: 0.00000 0.00000 0.00000 0.00000 0.00000 -0.00000 0.00000 0.00000 0.00000 0.00000 
Xopt: 1.84129 2.13149 2.16075 0.72766 3.43553 -0.88554 0.73464 0.64045 -0.06965 3.22997 
Fopt: 30.99
F(Xopt): 30.99
