Fitness: 7.914619827649694
Objective: 4.165380172350306
Individual: 2.40608 -2.63395 -4.12738 4.25950 -1.49691 -1.62743 -1.41002 -3.01620 3.75306 3.87785 
Gradient: 0.00000 -0.00000 -0.00000 0.00000 -0.00000 -0.00000 -0.00000 -0.00000 0.00000 0.00000 
Xopt: 1.84846 -3.43206 -3.46304 2.14526 -2.18132 1.28256 2.45339 -3.76146 2.48936 3.56333 
Fopt: -12.08
F(Xopt): -12.08
