Fitness: 137.5519820408525
Objective: 1.318017959147511
Individual: -1.62708 -3.26463 -1.72301 1.57483 0.68597 0.52437 -1.51957 -0.64862 1.14639 2.76010 
Gradient: -0.00000 -0.00000 -0.00000 0.00000 0.00000 0.00000 -0.00000 -0.00000 0.00000 0.00000 
Xopt: 1.84416 -3.29393 -0.08876 -0.30530 -0.41121 1.58170 -1.77786 2.07969 -2.24604 3.36331 
Fopt: -138.87
F(Xopt): -138.87
