Fitness: -54.54491346317026
Objective: 4.814913463170264
Individual: 2.56132 0.81707 -2.18061 1.10356 0.65493 -2.96342 0.72524 1.12374 -3.90345 1.94547 
Gradient: 0.00000 0.00000 -0.00000 0.00000 0.00000 -0.00000 0.00000 0.00000 -0.00000 0.00000 
Xopt: 1.84559 1.99336 -1.21352 3.17822 1.66542 -1.18468 -3.03411 2.79930 -3.33424 3.42998 
Fopt: 49.73
F(Xopt): 49.73
