Fitness: 9.445666124091296
Objective: 2.6343338759087036
Individual: 2.40608 -2.63395 -3.27876 3.73017 -2.22809 -1.74954 1.69328 -3.18796 3.25106 3.19095 
Gradient: 0.00000 -0.00000 -0.00000 0.00000 -0.00000 -0.00000 0.00000 -0.00000 0.00000 0.00000 
Xopt: 1.84846 -3.43206 -3.46304 2.14526 -2.18132 1.28256 2.45339 -3.76146 2.48936 3.56333 
Fopt: -12.08
F(Xopt): -12.08
