Fitness: -62.92829724759508
Objective: 2.2882972475950822
Individual: 3.11084 -1.30703 -1.12209 -0.74174 0.07667 -0.26814 2.13960 3.68537 4.46813 0.85399 
Gradient: 0.00000 -0.00000 -0.00000 -0.00000 0.00000 -0.00000 0.00000 0.00000 0.00000 0.00000 
Xopt: 1.84774 -2.07571 1.09934 0.40350 0.78036 -1.33425 -0.91849 3.87873 3.03346 3.52999 
Fopt: 60.64
F(Xopt): 60.64
