Fitness: -31.508814882665106
Objective: 2.188814882665106
Individual: 1.46555 1.35291 0.72582 -3.26264 -2.96724 -1.99755 4.18884 3.35901 -1.62441 4.80329 
Gradient: 0.00000 0.00000 0.00000 -0.00000 -0.00000 -0.00000 0.00000 0.00000 -0.00000 0.00000 
Xopt: 1.84631 0.63700 2.22410 -3.08002 -1.29627 1.43213 0.33776 3.15911 -3.87834 3.46332 
Fopt: 29.32
F(Xopt): 29.32
