Fitness: -69.84911657444363
Objective: 2.4191165744436205
Individual: 4.45102 -3.43678 0.00398 2.67663 1.25307 -3.74586 -1.96173 2.22143 3.06673 2.83313 
Gradient: 0.00000 -0.00000 0.00000 0.00000 0.00000 -0.00000 -0.00000 0.00000 0.00000 0.00000 
Xopt: 1.84703 -0.71935 -2.33828 -1.33826 3.74205 -3.95106 3.70964 3.51892 3.57756 3.49666 
Fopt: 67.43
F(Xopt): 67.43
