Fitness: 103.96
Objective: 0.0
Individual: 1.89167 3.32536 3.47583 1.80446 -3.44648 -3.68447 1.66983 2.22547 -3.15041 3.40919 
Gradient: 0.00001 0.00000 0.00000 0.00000 -0.00000 -0.00000 0.00000 0.00000 -0.00000 0.00001 
Xopt: 1.84488 3.34971 3.34886 1.43646 -3.37290 -3.80149 1.59401 2.43950 -2.79014 3.39665 
Fopt: -103.96
F(Xopt): -103.96
