Fitness: 64.7355318684456
Objective: 0.7044681315543926
Individual: 4.32149 1.13120 0.10380 1.90446 1.85775 4.16551 -4.75756 3.58070 -4.97355 3.86699 
Gradient: 0.00000 0.00000 0.00000 0.00000 0.00000 0.00000 -0.00000 0.00000 -0.00000 0.00000 
Xopt: 1.84201 0.77513 -2.40163 2.46942 0.47384 1.73127 -3.89349 1.00026 -0.61375 3.26330 
Fopt: -65.44
F(Xopt): -65.44
