Fitness: -60.65317498680158
Objective: 0.013174986801580246
Individual: 2.03394 -2.16675 0.25709 -0.54044 0.97689 -1.16968 -0.85431 4.31654 3.44429 3.30870 
Gradient: 0.00000 -0.00000 0.00000 -0.00000 0.00000 -0.00000 -0.00000 0.00000 0.00000 0.00000 
Xopt: 1.84774 -2.07571 1.09934 0.40350 0.78036 -1.33425 -0.91849 3.87873 3.03346 3.52999 
Fopt: 60.64
F(Xopt): 60.64
