Fitness: -1179.8412584889684
Objective: 179.84125848896838
Individual: 3.96597 -3.65265 0.24351 -0.94356 2.75352 0.51685 3.45600 2.59268 4.35332 1.23738 -0.07177 1.85772 -1.63392 1.01240 -2.83449 3.00211 3.66990 0.54229 3.19312 1.45856 -1.64518 -1.34174 1.78629 -1.44078 -0.84060 
Gradient: 3.77979 -0.45177 43.58047 11.21356 -24.16920 17.62449 -0.05321 -17.41280 -15.21712 -12.50535 3.86471 17.47589 12.37413 -1.77767 2.60050 -4.78438 12.04549 9.42830 7.83303 -4.21568 -18.65241 12.30132 -0.78964 -17.74253 12.95492 
Xopt: 1.84703 -0.71935 -2.33828 -1.33826 3.74205 -3.95106 3.70964 3.51892 3.57756 3.49666 -0.82261 -1.21986 -1.64754 0.05187 -3.07226 2.16429 1.27914 -2.74602 -0.97438 -2.88190 1.55958 2.44182 -3.95980 0.18508 1.95188 
Fopt: 1000.0
F(Xopt): 1000.0
