Fitness: -41.8243004892507
Objective: 271.0543004892507
Individual: 1.46209 -0.87911 4.23579 -0.72393 4.02210 -1.76669 1.21303 1.50671 -1.95450 4.62253 -1.82621 3.20777 -0.24088 -3.47162 0.91276 1.00855 -1.27000 1.86504 2.19664 0.41684 -0.30217 0.39369 2.32537 1.81216 2.38253 
Gradient: -65.37391 -2.95436 85.52280 -210.96767 -239.23567 -82.89532 -120.67922 104.45484 -58.52921 84.21948 -124.55598 241.42406 76.10146 -132.40983 -114.59805 170.20116 101.32886 -98.28365 200.40514 161.48394 -249.34937 164.80129 -256.87276 -126.36913 54.02192 
Xopt: 1.84918 3.21158 -0.02542 3.88702 2.85699 3.89937 -2.17474 -3.40165 1.94526 3.59667 -3.75589 1.53324 2.81353 -3.54602 -0.73372 -1.18089 3.94949 0.49556 -0.19212 -3.60471 0.65818 2.80994 -2.17061 -2.77451 3.71138 
Fopt: -229.23
F(Xopt): -229.23
