Fitness: -87.3102867544302
Objective: 316.7502867544302
Individual: -1.85805 -0.09868 0.51848 4.13086 -3.91221 0.51437 3.81716 -4.62437 -1.70110 1.01264 -2.69337 -0.40521 -3.81511 -3.87235 -3.80320 -0.71918 -1.58316 -3.00045 -1.55762 -4.29165 2.20514 -2.95990 -4.94313 0.05439 -2.48331 
Gradient: -17.10017 17.42605 9.96121 -1.56235 -28.21814 14.92557 14.64637 -13.50000 -16.05649 8.62823 -30.14073 -4.61063 2.16273 -11.92240 -9.33574 11.00101 10.19214 -11.30391 -25.96600 -30.22926 -4.52042 5.94170 5.66513 -10.00742 6.95607 
Xopt: 1.84559 1.99336 -1.21352 3.17822 1.66542 -1.18468 -3.03411 2.79930 -3.33424 3.42998 1.13292 2.27808 0.71174 -0.21620 -1.96463 -0.93893 2.16557 -2.24042 -1.49589 2.93331 -3.17281 -0.47026 0.18074 -3.17519 0.77887 
Fopt: -229.44
F(Xopt): -229.44
