Fitness: -1365.580200338048
Objective: 365.5802003380479
Individual: -0.20693 3.95122 -0.35392 -0.93135 1.51334 -3.07649 1.40152 -1.23009 2.69405 -3.17667 1.95142 2.31089 2.38731 -1.18669 0.80466 0.55745 2.81980 1.90548 -2.08529 -2.73869 -2.68918 0.79848 0.31489 -3.04070 4.05310 
Gradient: 427.76743 276.08570 -299.26036 -710.66026 -55.66222 3073.92095 901.94593 -408.12014 -828.06166 207.22546 1976.72814 427.84674 -431.42918 -1856.17829 4076.97545 361.33559 -568.51676 -2607.63288 367.35096 -80.48728 -929.34453 -1152.70191 3016.90670 -498.13975 607.82864 
Xopt: 1.84774 -2.07571 1.09934 0.40350 0.78036 -1.33425 -0.91849 3.87873 3.03346 3.52999 -1.80037 -2.96882 -2.82719 -3.81410 0.37392 3.71589 -3.16407 1.00117 -0.71363 2.21050 3.92578 -0.10214 1.96993 1.86522 2.53838 
Fopt: 1000.0
F(Xopt): 1000.0
