Fitness: -293.4562117370732
Objective: 206.7362117370732
Individual: -0.61394 -3.07261 -2.68612 -2.57503 -3.07943 -1.20269 -1.72672 -1.65730 -1.00619 -0.66223 -0.63758 -2.68451 3.29703 0.24634 -2.39420 -2.01336 -0.16625 -2.40765 -1.22369 0.54103 -2.30585 -0.88840 0.04906 -1.78789 -1.14555 
Gradient: -3.47644 -10.94858 -10.59602 -0.34142 2.59022 -6.10731 -1.10578 -4.64859 11.30553 -9.51928 -2.85985 -3.75794 17.04263 -3.57016 -12.35900 -15.79077 10.85724 -3.94761 6.58323 5.02929 0.85050 7.08871 0.67453 0.18253 -13.24505 
Xopt: 1.84631 0.63700 2.22410 -3.08002 -1.29627 1.43213 0.33776 3.15911 -3.87834 3.46332 0.15516 0.52911 -0.46790 3.91783 1.48156 0.61268 -2.27764 1.50678 -1.23514 0.02570 -0.80661 -3.01422 -1.88953 -1.49505 1.36537 
Fopt: 86.72
F(Xopt): 86.72
