Fitness: -216.06001039261082
Objective: 233.80001039261083
Individual: 3.67813 2.80500 0.86136 -3.75074 1.92916 4.24047 -4.45856 1.55830 2.05117 -1.31389 0.89803 0.70363 -1.24652 -3.31854 -3.49502 -3.07208 -3.11659 0.39975 -2.07145 -0.60744 -3.02693 3.36568 4.02276 2.84760 2.62011 
Gradient: 10.83622 -268.42704 -145.31493 -383.40517 -232.24173 -28.31836 207.31943 150.39545 -186.36218 -240.82071 -118.60024 -309.20463 34.98420 310.39343 36.17414 194.71347 -175.01375 79.26136 1.08897 89.12161 76.17489 250.29449 71.03908 -67.45446 -100.92272 
Xopt: 1.84129 2.13149 2.16075 0.72766 3.43553 -0.88554 0.73464 0.64045 -0.06965 3.22997 -1.00050 -3.22812 -0.21040 -1.02042 1.35829 -2.24858 -3.17513 -0.72359 -3.06041 -3.62107 -1.37000 -1.20650 -3.39764 2.74400 -2.74013 
Fopt: -17.74
F(Xopt): -17.74
