Fitness: -296.13951368123
Objective: 225.26951368123002
Individual: 0.99987 0.30714 2.02193 -2.31996 -3.62844 3.00897 1.25849 -2.45444 0.32854 1.41405 -3.70720 -1.68043 -1.72921 -0.43875 0.92237 -2.10183 -1.61125 -1.27869 1.89040 -1.30223 2.48047 -3.13466 2.41698 -0.61453 -2.41365 
Gradient: 6.13118 7.55873 19.80198 -17.47545 -4.65551 -1.76976 9.07519 -12.59754 -5.14744 -30.42698 1.34594 -6.67438 -1.48415 -10.74189 -4.82502 2.13146 11.38713 -11.58216 10.94704 -3.41184 -2.88724 -7.08096 -1.92694 10.85107 10.21065 
Xopt: 1.84201 0.77513 -2.40163 2.46942 0.47384 1.73127 -3.89349 1.00026 -0.61375 3.26330 -1.97827 3.02291 -1.39004 3.11362 -3.19553 -0.69697 0.38165 3.02360 -2.79966 1.47132 0.99620 -3.75046 2.53209 -3.57587 -2.15363 
Fopt: 70.87
F(Xopt): 70.87
