Fitness: -200.63136464768394
Objective: 127.23136464768393
Individual: 3.17316 0.15043 -2.55261 1.77571 -0.09270 -1.82708 1.00240 1.11320 -1.57590 -0.85623 1.74234 -1.05122 0.86571 -1.12599 0.62718 0.78206 -0.90969 -1.15585 -0.25007 1.05934 0.65349 -0.21223 -2.60080 1.32184 2.60828 
Gradient: -255.09765 -179.98461 456.55601 -99.50468 41.83522 2.46002 97.10071 70.96221 29.86623 -114.66909 -121.76465 213.25196 45.08862 18.73991 333.95061 -346.69773 299.35021 466.71379 300.62225 -56.26810 -137.40482 -219.42882 -29.56567 549.07240 410.09866 
Xopt: 1.84416 -3.29393 -0.08876 -0.30530 -0.41121 1.58170 -1.77786 2.07969 -2.24604 3.36331 3.08845 -2.22399 3.07103 -0.48428 -0.85699 3.95786 3.05201 -1.73481 -2.01740 0.74851 0.09479 -3.38234 -3.67872 1.46454 -0.39413 
Fopt: 73.4
F(Xopt): 73.4
