Fitness: -578.2665317456019
Objective: 285.42653174560195
Individual: 0.31896 3.10225 3.28431 4.80092 -0.10142 -1.80909 -2.90827 -2.32554 2.73793 -0.92990 -1.88255 -2.64025 -2.21896 0.32832 -3.05604 -0.03237 -1.90010 3.58416 1.88134 -3.89549 0.90563 -3.37536 -4.80472 2.17181 1.67216 
Gradient: 7.48135 -4.24314 -10.81440 9.56676 13.74932 -5.96583 -9.95701 -6.57494 0.74090 3.65141 -19.15746 13.12768 -10.48764 -0.83112 -7.42463 5.31342 0.85797 5.95556 15.44964 0.91539 -7.11321 -6.06684 -17.05426 -8.18783 0.19082 
Xopt: 1.84488 3.34971 3.34886 1.43646 -3.37290 -3.80149 1.59401 2.43950 -2.79014 3.39665 2.11068 -3.97295 1.89139 3.64976 2.58919 -2.49054 -1.39121 2.01239 -1.75664 -2.15909 2.46099 2.07370 2.25101 3.14468 0.19237 
Fopt: 292.84
F(Xopt): 292.84
