Fitness: -318.0126480411525
Objective: 268.1226480411525
Individual: 2.78090 2.27915 -0.97569 -2.57782 1.96575 -1.37864 0.07199 -2.13685 -2.77137 -2.35229 0.96768 3.95977 0.97882 -0.87582 1.20229 -1.13887 3.01067 3.46505 2.53079 -0.28041 -0.59914 -3.43675 -3.45560 1.42970 1.71147 
Gradient: 8.43238 2.59620 -1.35577 12.58102 15.86442 -30.07493 -8.24566 27.04097 19.05119 4.76386 -11.83743 -23.02711 -53.65406 -12.01465 10.32398 8.99601 56.41817 8.08576 6.32244 0.35147 -33.94641 -4.68887 -53.09845 -4.16682 18.58143 
Xopt: 1.84846 -3.43206 -3.46304 2.14526 -2.18132 1.28256 2.45339 -3.76146 2.48936 3.56333 -2.77813 3.28221 3.99317 0.31994 3.82010 -2.73250 0.39271 -3.25163 -0.45288 -0.69710 -1.70802 -2.64610 -0.10034 3.54535 3.12488 
Fopt: 49.89
F(Xopt): 49.89
