Fitness: -37.912407840014595
Objective: 6.922407840014596
Individual: 2.19867 3.44271 0.97620 1.46497 2.28963 -0.03991 0.53214 0.36197 -0.79703 2.55708 
Gradient: 0.71475 2.62244 -2.36911 1.47462 -2.29179 1.69125 -0.40500 -0.55696 -1.45477 -1.34578 
Xopt: 1.84129 2.13149 2.16075 0.72766 3.43553 -0.88554 0.73464 0.64045 -0.06965 3.22997 
Fopt: 30.99
F(Xopt): 30.99
