Fitness: 136.5862451983279
Objective: 2.283754801672103
Individual: 0.60756 -2.68780 0.00000 0.00000 -0.28669 1.41708 -1.63610 2.26494 -2.66832 3.25958 
Gradient: -2.47319 1.21227 NaN NaN 0.24904 -0.32924 0.28352 0.37051 -0.84456 -0.20747 
Xopt: 1.84416 -3.29393 -0.08876 -0.30530 -0.41121 1.58170 -1.77786 2.07969 -2.24604 3.36331 
Fopt: -138.87
F(Xopt): -138.87
