Fitness: 5.91380860031543
Objective: 6.16619139968457
Individual: 2.40608 -2.63395 -3.18480 3.36047 -2.73003 2.07253 1.78424 -3.20935 3.88383 3.76790 
Gradient: 1.11524 1.59623 0.55648 2.43042 -1.09742 1.57995 -1.33829 1.10421 2.78893 0.40915 
Xopt: 1.84846 -3.43206 -3.46304 2.14526 -2.18132 1.28256 2.45339 -3.76146 2.48936 3.56333 
Fopt: -12.08
F(Xopt): -12.08
