Fitness: -54.38855581463769
Objective: 4.658555814637694
Individual: 1.08537 2.64428 -2.20009 2.36457 0.60190 -1.75435 -3.03924 2.74080 -3.42919 2.68598 
Gradient: -1.52044 1.30185 -1.97313 -1.62729 -2.12703 -1.13933 -0.01026 -0.11702 -0.18989 -1.48802 
Xopt: 1.84559 1.99336 -1.21352 3.17822 1.66542 -1.18468 -3.03411 2.79930 -3.33424 3.42998 
Fopt: 49.73
F(Xopt): 49.73
