Fitness: -75.49431156792537
Objective: 8.064311567925358
Individual: 2.76514 0.00000 -2.41496 -1.03733 4.82472 -4.11491 3.36875 1.79149 3.61196 1.97777 
Gradient: 1.83623 NaN -0.15336 0.60186 2.16535 -0.32770 -0.68178 -3.45486 0.06880 -3.03778 
Xopt: 1.84703 -0.71935 -2.33828 -1.33826 3.74205 -3.95106 3.70964 3.51892 3.57756 3.49666 
Fopt: 67.43
F(Xopt): 67.43
