Fitness: -70.9247829321088
Objective: 8.794782932108795
Individual: 2.45888 3.22455 0.48404 3.01340 2.34029 2.41632 -2.81359 -1.87883 0.53787 3.12144 
Gradient: 1.21941 0.02594 1.01893 -1.74724 -1.03341 -2.96608 -1.27771 3.04564 -2.81478 -0.95046 
Xopt: 1.84918 3.21158 -0.02542 3.88702 2.85699 3.89937 -2.17474 -3.40165 1.94526 3.59667 
Fopt: 62.13
F(Xopt): 62.13
