Fitness: -64.82554914778383
Objective: 4.185549147783831
Individual: 0.90156 -2.42471 1.31430 0.00000 0.00000 -1.49960 0.00000 4.75870 3.22087 2.71140 
Gradient: -1.89236 -0.69800 0.42992 NaN NaN -0.33069 NaN 1.75993 0.37482 -1.63718 
Xopt: 1.84774 -2.07571 1.09934 0.40350 0.78036 -1.33425 -0.91849 3.87873 3.03346 3.52999 
Fopt: 60.64
F(Xopt): 60.64
