Fitness: -35.26728486421617
Objective: 5.947284864216172
Individual: 0.00000 0.00000 1.33107 -2.39844 -0.48193 1.08215 0.28055 3.43771 -3.81466 3.46610 
Gradient: NaN NaN -1.78607 1.36317 1.62868 -0.69995 -0.11442 0.55719 0.12737 0.00556 
Xopt: 1.84631 0.63700 2.22410 -3.08002 -1.29627 1.43213 0.33776 3.15911 -3.87834 3.46332 
Fopt: 29.32
F(Xopt): 29.32
