Fitness: 137.86151139135936
Objective: 1.008488608640647
Individual: 1.76848 -3.30549 0.00000 -0.39711 0.00000 1.73505 -1.74388 2.26494 -2.67218 4.12268 
Gradient: -0.15135 -0.02311 NaN -0.18361 NaN 0.30670 0.06797 0.37051 -0.85227 1.51874 
Xopt: 1.84416 -3.29393 -0.08876 -0.30530 -0.41121 1.58170 -1.77786 2.07969 -2.24604 3.36331 
Fopt: -138.87
F(Xopt): -138.87
