Fitness: 6.209328192071961
Objective: 5.870671807928039
Individual: 2.40608 -2.63395 -4.12738 2.10139 -1.64747 2.05423 2.94688 -3.20935 3.88383 4.61504 
Gradient: 1.11524 1.59623 -1.32868 -0.08772 1.06771 1.54334 0.98698 1.10421 2.78893 2.10343 
Xopt: 1.84846 -3.43206 -3.46304 2.14526 -2.18132 1.28256 2.45339 -3.76146 2.48936 3.56333 
Fopt: -12.08
F(Xopt): -12.08
