Fitness: -73.30003261716094
Objective: 5.8700326171609305
Individual: 2.16051 -0.97306 -0.48991 -1.30866 3.68291 -4.11491 3.49824 2.99396 2.43370 4.29103 
Gradient: 0.62696 -0.50742 3.69673 0.05921 -0.11827 -0.32770 -0.42280 -1.04992 -2.28773 1.58874 
Xopt: 1.84703 -0.71935 -2.33828 -1.33826 3.74205 -3.95106 3.70964 3.51892 3.57756 3.49666 
Fopt: 67.43
F(Xopt): 67.43
