Fitness: -38.19287380697173
Objective: 8.872873806971732
Individual: 2.04100 -0.50573 0.97555 -2.42723 -0.31955 1.20002 2.42316 3.37049 -3.50340 3.50954 
Gradient: 0.38939 -2.28546 -2.49710 1.30558 1.95344 -0.46421 4.17079 0.42275 0.74989 0.09244 
Xopt: 1.84631 0.63700 2.22410 -3.08002 -1.29627 1.43213 0.33776 3.15911 -3.87834 3.46332 
Fopt: 29.32
F(Xopt): 29.32
