Fitness: -54.019734942457774
Objective: 4.289734942457777
Individual: 2.10615 0.74081 -1.85561 2.29017 0.93730 -1.39913 -3.79355 2.34130 -3.38321 3.13502 
Gradient: 0.52112 -2.50509 -1.28418 -1.77609 -1.45624 -0.42890 -1.51888 -0.91601 -0.09794 -0.58992 
Xopt: 1.84559 1.99336 -1.21352 3.17822 1.66542 -1.18468 -3.03411 2.79930 -3.33424 3.42998 
Fopt: 49.73
F(Xopt): 49.73
