Fitness: -66.7223138177359
Objective: 4.592313817735892
Individual: 1.16642 3.22455 0.00000 3.20965 3.84407 2.97657 -3.31221 -3.43716 1.22465 3.43461 
Gradient: -1.36552 0.02594 NaN -1.35473 1.97416 -1.84559 -2.27494 -0.07102 -1.44122 -0.32410 
Xopt: 1.84918 3.21158 -0.02542 3.88702 2.85699 3.89937 -2.17474 -3.40165 1.94526 3.59667 
Fopt: 62.13
F(Xopt): 62.13
