Fitness: 62.708924437610946
Objective: 2.7310755623890515
Individual: 1.63677 0.14310 -1.92846 3.10331 0.00000 1.24829 -3.88300 0.46485 0.00000 3.99987 
Gradient: -0.41048 -1.26406 0.94634 1.26778 NaN -0.96596 0.02097 -1.07081 NaN 1.47314 
Xopt: 1.84201 0.77513 -2.40163 2.46942 0.47384 1.73127 -3.89349 1.00026 -0.61375 3.26330 
Fopt: -65.44
F(Xopt): -65.44
