Fitness: 101.06482574771935
Objective: 2.89517425228064
Individual: 2.40430 2.91467 4.56912 0.72595 -3.46376 -3.54578 1.07742 2.51149 -2.72693 3.61890 
Gradient: 1.11885 -0.87009 2.44053 -1.42101 -0.18173 0.51142 -1.03319 0.14399 0.12643 0.44451 
Xopt: 1.84488 3.34971 3.34886 1.43646 -3.37290 -3.80149 1.59401 2.43950 -2.79014 3.39665 
Fopt: -103.96
F(Xopt): -103.96
