Fitness: 101.67888191831429
Objective: 2.2811180816857046
Individual: 1.88705 2.81443 3.25086 1.88224 -3.05266 -2.75771 0.99823 2.10903 -2.43408 3.43553 
Gradient: 0.08435 -1.07056 -0.19600 0.89156 0.64048 2.08756 -1.19157 -0.66094 0.71213 0.07777 
Xopt: 1.84488 3.34971 3.34886 1.43646 -3.37290 -3.80149 1.59401 2.43950 -2.79014 3.39665 
Fopt: -103.96
F(Xopt): -103.96
