Fitness: -66.2420030803461
Objective: 5.602003080346094
Individual: 2.02181 -2.38657 0.02254 0.35771 0.00000 -0.04931 -0.76873 4.83165 3.29551 4.55678 
Gradient: 0.34814 -0.62173 -2.15359 -0.09157 NaN 2.56989 0.29951 1.90583 0.52410 2.05356 
Xopt: 1.84774 -2.07571 1.09934 0.40350 0.78036 -1.33425 -0.91849 3.87873 3.03346 3.52999 
Fopt: 60.64
F(Xopt): 60.64
