Fitness: -70.49851072474617
Objective: 8.368510724746166
Individual: 2.45888 3.22455 0.48404 2.62513 2.61708 2.97316 -2.65530 -2.22568 0.04693 3.48815 
Gradient: 1.21941 0.02594 1.01893 -2.52377 -0.47983 -1.85241 -0.96113 2.35194 -3.79666 -0.21703 
Xopt: 1.84918 3.21158 -0.02542 3.88702 2.85699 3.89937 -2.17474 -3.40165 1.94526 3.59667 
Fopt: 62.13
F(Xopt): 62.13
