Fitness: 101.64999437572789
Objective: 2.310005624272108
Individual: 2.40430 4.18369 2.76494 0.72595 -3.46376 -3.18770 1.70438 2.51149 -2.72693 3.61890 
Gradient: 1.11885 1.66796 -1.16784 -1.42101 -0.18173 1.22758 0.22074 0.14399 0.12643 0.44451 
Xopt: 1.84488 3.34971 3.34886 1.43646 -3.37290 -3.80149 1.59401 2.43950 -2.79014 3.39665 
Fopt: -103.96
F(Xopt): -103.96
