Fitness: -35.899329275814395
Objective: 4.909329275814397
Individual: 0.63056 0.78270 1.78433 0.62445 4.05423 -1.53096 0.33956 0.00000 0.00000 3.54839 
Gradient: -2.42147 -2.69757 -0.75284 -0.20641 1.23742 -1.29084 -0.79017 NaN NaN 0.63685 
Xopt: 1.84129 2.13149 2.16075 0.72766 3.43553 -0.88554 0.73464 0.64045 -0.06965 3.22997 
Fopt: 30.99
F(Xopt): 30.99
