Fitness: -68.87396604052981
Objective: 6.743966040529806
Individual: 1.10899 3.64557 0.00000 3.28575 1.88995 3.54915 -3.75074 -3.43716 1.22465 4.85501 
Gradient: -1.48036 0.86798 NaN -1.20254 -1.93408 -0.70044 -3.15202 -0.07102 -1.44122 2.51668 
Xopt: 1.84918 3.21158 -0.02542 3.88702 2.85699 3.89937 -2.17474 -3.40165 1.94526 3.59667 
Fopt: 62.13
F(Xopt): 62.13
