Fitness: -36.65863778728142
Objective: 5.668637787281423
Individual: 2.07095 2.16008 0.20764 1.01785 3.31336 -0.32268 1.30181 0.77452 -0.17729 2.21350 
Gradient: 0.45931 0.05718 -3.90624 0.58037 -0.24434 1.12573 1.13434 0.26814 -0.21528 -2.03294 
Xopt: 1.84129 2.13149 2.16075 0.72766 3.43553 -0.88554 0.73464 0.64045 -0.06965 3.22997 
Fopt: 30.99
F(Xopt): 30.99
