Fitness: 63.67643066089534
Objective: 1.7635693391046559
Individual: 1.87911 0.69833 -2.99866 2.28330 0.09712 1.41344 -3.88300 0.00000 -0.72647 3.59336 
Gradient: 0.07420 -0.15361 -1.19407 -0.37224 -0.75345 -0.63565 0.02097 NaN -0.22544 0.66011 
Xopt: 1.84201 0.77513 -2.40163 2.46942 0.47384 1.73127 -3.89349 1.00026 -0.61375 3.26330 
Fopt: -65.44
F(Xopt): -65.44
