Fitness: -52.98586486875851
Objective: 3.2558648687585148
Individual: 2.05394 0.78200 -0.98294 2.75459 1.30162 -0.43062 -2.31834 2.34130 -3.38321 3.13502 
Gradient: 0.41670 -2.42271 0.46117 -0.84725 -0.72759 1.50812 1.43154 -0.91601 -0.09794 -0.58992 
Xopt: 1.84559 1.99336 -1.21352 3.17822 1.66542 -1.18468 -3.03411 2.79930 -3.33424 3.42998 
Fopt: 49.73
F(Xopt): 49.73
