Fitness: -81.94979899635652
Objective: 14.519798996356513
Individual: 3.09890 0.14929 -1.51019 -1.37996 3.69858 -3.68011 1.65845 1.50756 2.36585 2.18742 
Gradient: 2.50375 1.73729 1.65619 -0.08340 -0.08693 0.54190 -4.10237 -4.02272 -2.42343 -2.61847 
Xopt: 1.84703 -0.71935 -2.33828 -1.33826 3.74205 -3.95106 3.70964 3.51892 3.57756 3.49666 
Fopt: 67.43
F(Xopt): 67.43
