Fitness: -31.46279798768544
Objective: 2.142797987685441
Individual: 1.88152 0.62788 1.33107 -2.39844 -0.48193 1.79448 0.28055 3.43771 -3.81466 3.46610 
Gradient: 0.07042 -0.01825 -1.78607 1.36317 1.62868 0.72471 -0.11442 0.55719 0.12737 0.00556 
Xopt: 1.84631 0.63700 2.22410 -3.08002 -1.29627 1.43213 0.33776 3.15911 -3.87834 3.46332 
Fopt: 29.32
F(Xopt): 29.32
