Fitness: -35.47766967743626
Objective: 4.487669677436262
Individual: 2.15110 0.44399 1.78433 0.29812 4.16109 -1.53096 0.33956 0.77039 -0.04845 3.54839 
Gradient: 0.61962 -3.37501 -0.75284 -0.85907 1.45112 -1.29084 -0.79017 0.25988 0.04239 0.63685 
Xopt: 1.84129 2.13149 2.16075 0.72766 3.43553 -0.88554 0.73464 0.64045 -0.06965 3.22997 
Fopt: 30.99
F(Xopt): 30.99
