Fitness: -74.24403506763612
Objective: 6.814035067636112
Individual: 2.16051 -0.97538 -0.86060 -1.18713 2.60362 -3.17898 2.89669 2.17142 3.30766 3.44942 
Gradient: 0.62696 -0.51205 2.95535 0.30226 -2.27685 1.54416 -1.62590 -2.69500 -0.53981 -0.09448 
Xopt: 1.84703 -0.71935 -2.33828 -1.33826 3.74205 -3.95106 3.70964 3.51892 3.57756 3.49666 
Fopt: 67.43
F(Xopt): 67.43
