Fitness: -33.38270072816023
Objective: 4.06270072816023
Individual: -1.92616 -0.91674 4.37280 0.61166 -3.12934 0.83405 3.23584 -3.23788 1.57327 2.29463 
Gradient: 216.29076 487.97321 -114.81481 386.44949 293.45175 -21.25184 -4.61765 110.09844 50.41791 -76.21707 
Xopt: 1.84631 0.63700 2.22410 -3.08002 -1.29627 1.43213 0.33776 3.15911 -3.87834 3.46332 
Fopt: 29.32
F(Xopt): 29.32
