Fitness: 129.6482796797541
Objective: 9.221720320245907
Individual: -3.56634 4.48493 -0.51654 0.66946 -0.66015 2.46495 2.21125 1.77895 -1.23579 3.10396 
Gradient: -741.37594 -475.14655 -757.25289 -954.98600 80.57076 -67.57061 224.98650 16.79184 -371.33807 438.06393 
Xopt: 1.84416 -3.29393 -0.08876 -0.30530 -0.41121 1.58170 -1.77786 2.07969 -2.24604 3.36331 
Fopt: -138.87
F(Xopt): -138.87
