Fitness: 96.22451852570717
Objective: 7.7354814742928255
Individual: 0.86731 -1.14578 3.81726 1.21001 0.40525 -4.99746 -0.64700 3.33533 1.07736 -1.55198 
Gradient: 189.02181 508.70043 -124.38323 -645.24737 267.38880 271.31013 -456.37051 286.92209 919.21515 -62.89071 
Xopt: 1.84488 3.34971 3.34886 1.43646 -3.37290 -3.80149 1.59401 2.43950 -2.79014 3.39665 
Fopt: -103.96
F(Xopt): -103.96
