Fitness: -70.64083522182557
Objective: 3.210835221825562
Individual: 2.23129 -3.19678 -1.91028 2.69684 -3.12844 -2.24651 -3.27668 -1.23264 0.94714 -2.56435 
Gradient: 363.79627 169.17764 -208.10987 15.34071 182.84910 383.57058 426.16187 396.35346 -609.46002 111.16356 
Xopt: 1.84703 -0.71935 -2.33828 -1.33826 3.74205 -3.95106 3.70964 3.51892 3.57756 3.49666 
Fopt: 67.43
F(Xopt): 67.43
