Fitness: 7.967497910124717
Objective: 4.112502089875283
Individual: -4.32352 3.04300 0.34422 2.70794 2.14760 2.96141 -3.42029 -1.37294 2.69531 -0.96726 
Gradient: -79.52694 -399.34681 548.02614 435.63900 -552.22707 -377.74378 445.64593 -395.26103 -854.39292 -174.53488 
Xopt: 1.84846 -3.43206 -3.46304 2.14526 -2.18132 1.28256 2.45339 -3.76146 2.48936 3.56333 
Fopt: -12.08
F(Xopt): -12.08
