Fitness: -21.510617706140632
Objective: 21.510617706140632
Individual: -4.57703 4.40921 3.81011 0.82513 -0.60150 -1.12005 -1.81161 -1.27028 0.95718 1.97477 -2.63946 -3.33951 0.81455 1.34194 -1.30730 -0.53383 0.04780 -0.30353 -0.34649 2.31554 0.59923 0.98208 -1.51914 1.11728 1.12803 
Gradient: -2715.44996 -150.72237 -243.56676 780.64115 -2418.65803 -2816.23712 -502.30179 -172.48626 634.13035 10.15059 -99.60318 -2633.75405 6227.67662 271.99339 -3780.95725 678.43554 -2563.72168 384.60037 705.87974 3426.37590 -65.58109 1608.81247 -997.73687 2676.74012 1545.66999 
Xopt: 1.84846 -3.43206 -3.46304 2.14526 -2.18132 1.28256 2.45339 -3.76146 2.48936 3.56333 -2.77813 3.28221 3.99317 0.31994 3.82010 -2.73250 0.39271 -3.25163 -0.45288 -0.69710 -1.70802 -2.64610 -0.10034 3.54535 3.12488 
Fopt: 0.0
F(Xopt): 0.0
