Fitness: -72.0430914038482
Objective: 72.0430914038482
Individual: -1.34378 0.17786 -4.50161 -2.49107 2.54980 -0.62981 4.12499 -4.42874 -2.87579 -4.20672 -1.03366 -4.77972 -1.11796 4.38977 -3.22045 0.90525 2.65823 -3.08338 0.86837 2.81650 -1.81074 2.47814 3.66839 3.03668 -4.96312 
Gradient: -261.71541 2149.45909 1459.99458 1396.05012 -106.93180 -1849.29489 -3563.72341 2625.10330 -2834.38572 -1239.30917 -3950.36238 -1247.46009 -4112.96028 -601.73863 677.31352 -1412.81601 -2489.70373 2568.45105 2563.29528 -1990.50952 577.48060 1578.93421 -344.75421 -2900.78775 1020.41638 
Xopt: 1.84774 -2.07571 1.09934 0.40350 0.78036 -1.33425 -0.91849 3.87873 3.03346 3.52999 -1.80037 -2.96882 -2.82719 -3.81410 0.37392 3.71589 -3.16407 1.00117 -0.71363 2.21050 3.92578 -0.10214 1.96993 1.86522 2.53838 
Fopt: 0.0
F(Xopt): 0.0
