Fitness: -56.24510502018972
Objective: 56.24510502018972
Individual: 3.65844 3.49237 1.19547 4.03661 1.16851 4.37164 -2.64062 -3.76044 -3.31887 -2.60703 -4.49578 4.02567 1.56128 -2.29903 0.36150 1.91007 -0.75764 0.14952 -3.62865 -2.72508 3.96847 3.08709 4.55204 -2.84467 0.52336 
Gradient: -865.72226 660.68916 -669.99794 -558.85877 442.20205 97.72265 1210.60490 -1107.45921 563.47840 2980.29935 797.59297 -90.29305 -810.13252 267.31084 -944.72964 201.37944 139.42637 -208.39778 375.38637 388.97886 214.67394 -1247.37205 88.15770 1244.94679 267.85692 
Xopt: 1.84703 -0.71935 -2.33828 -1.33826 3.74205 -3.95106 3.70964 3.51892 3.57756 3.49666 -0.82261 -1.21986 -1.64754 0.05187 -3.07226 2.16429 1.27914 -2.74602 -0.97438 -2.88190 1.55958 2.44182 -3.95980 0.18508 1.95188 
Fopt: 0.0
F(Xopt): 0.0
