Fitness: -49.61242235787148
Objective: 49.61242235787148
Individual: -4.88227 4.11691 3.06819 -0.72387 -1.95343 -2.76453 -0.84830 2.15986 -1.54365 -2.06674 2.57022 0.97722 2.11700 -1.62298 -0.60727 0.89639 -0.12062 -0.02368 2.71985 2.02182 0.64937 -1.25040 -1.92470 -2.73992 1.27588 
Gradient: -184.44867 -1807.26498 1943.38659 -836.28792 657.96608 1828.50888 117.26908 -829.82167 146.91487 -1205.62417 1087.71718 -316.70633 -709.42502 566.19784 1224.76581 -204.95510 708.60121 -1858.69250 1691.42340 900.26824 329.25170 -1365.58343 1624.81892 -866.37316 991.94690 
Xopt: 1.84201 0.77513 -2.40163 2.46942 0.47384 1.73127 -3.89349 1.00026 -0.61375 3.26330 -1.97827 3.02291 -1.39004 3.11362 -3.19553 -0.69697 0.38165 3.02360 -2.79966 1.47132 0.99620 -3.75046 2.53209 -3.57587 -2.15363 
Fopt: 0.0
F(Xopt): 0.0
