Fitness: -39.02932385114956
Objective: 39.02932385114956
Individual: -1.38381 2.31657 4.83284 4.81440 -0.87158 3.13424 -3.81870 -2.66632 -4.63976 1.54607 3.76983 3.91080 2.19944 -1.04399 -1.12165 3.12647 2.39751 3.94737 -3.54708 3.81381 -0.69084 -2.71424 -2.53485 -2.73047 -0.89661 
Gradient: -675.60187 166.35283 561.03987 -369.51888 -132.15888 -547.21147 302.49468 84.10907 -1095.95630 275.92082 452.72657 777.23622 260.38933 54.10686 -1062.61892 -205.85726 -146.57492 -105.28497 -89.26526 783.39140 -864.54224 155.64960 745.48909 238.65690 -446.26537 
Xopt: 1.84416 -3.29393 -0.08876 -0.30530 -0.41121 1.58170 -1.77786 2.07969 -2.24604 3.36331 3.08845 -2.22399 3.07103 -0.48428 -0.85699 3.95786 3.05201 -1.73481 -2.01740 0.74851 0.09479 -3.38234 -3.67872 1.46454 -0.39413 
Fopt: 0.0
F(Xopt): 0.0
