Fitness: -71.4350516993119
Objective: 71.4350516993119
Individual: 1.51053 -4.71092 3.09138 -2.85682 2.36500 -1.97811 -3.85807 1.61447 -3.95096 3.40792 0.51100 2.01150 2.86890 4.68585 0.58112 0.23272 1.39021 -4.99303 -3.65888 1.00476 -3.31297 0.74522 -3.31582 1.17980 1.78685 
Gradient: 280.56375 322.62961 2304.51200 2833.66628 -1421.60802 6750.52833 -948.23586 3102.90704 1819.92286 -101.15486 -2177.54571 -2274.58710 889.23047 1005.59736 -1398.02249 2888.65195 -924.36787 -1893.19027 695.39707 4263.97930 -1574.78452 4191.33955 170.28192 -3458.10476 -1519.87214 
Xopt: 1.84488 3.34971 3.34886 1.43646 -3.37290 -3.80149 1.59401 2.43950 -2.79014 3.39665 2.11068 -3.97295 1.89139 3.64976 2.58919 -2.49054 -1.39121 2.01239 -1.75664 -2.15909 2.46099 2.07370 2.25101 3.14468 0.19237 
Fopt: 0.0
F(Xopt): 0.0
