Fitness: -48.45194704963687
Objective: 48.45194704963687
Individual: 0.37818 0.37918 4.55626 4.36925 0.72949 -4.22949 -2.79842 4.75197 4.22043 -0.69877 -3.39940 3.12029 -0.93867 -2.53097 -3.03263 3.69789 3.46179 -2.25848 -2.98424 -0.19026 -0.08242 2.58611 3.90131 -1.61896 -0.75444 
Gradient: 1670.73815 571.41211 -823.62785 1308.21753 -554.85498 697.82489 -688.90712 -2269.17986 -361.45739 -3303.66541 -36.20745 515.85384 -709.05103 -965.80576 -691.95157 808.50868 1348.34700 -1617.46816 849.09921 2512.86646 -599.84903 -1576.47567 2393.73315 -244.83065 406.01834 
Xopt: 1.84559 1.99336 -1.21352 3.17822 1.66542 -1.18468 -3.03411 2.79930 -3.33424 3.42998 1.13292 2.27808 0.71174 -0.21620 -1.96463 -0.93893 2.16557 -2.24042 -1.49589 2.93331 -3.17281 -0.47026 0.18074 -3.17519 0.77887 
Fopt: 0.0
F(Xopt): 0.0
