Fitness: -20.869872486184274
Objective: 20.869872486184274
Individual: -0.77141 -4.69913 0.86932 -1.92339 -2.10275 -1.08209 -4.02312 -1.57833 2.84288 -1.63119 -1.85187 1.92171 0.71458 -0.34479 1.16350 0.01269 -0.59479 1.40321 0.20853 -3.17996 2.73466 1.32717 -1.29794 2.56158 -4.38075 
Gradient: -538.70480 -167.68316 3.99077 673.78130 -1090.67827 78.97891 488.48349 -768.67705 103.39903 357.12078 -250.78566 -434.66638 -665.12082 563.09518 -441.45845 -679.39307 -1473.16743 -142.01639 -552.90038 115.55907 -144.29158 -1044.61654 -1268.98786 124.44748 -1128.93406 
Xopt: 1.84918 3.21158 -0.02542 3.88702 2.85699 3.89937 -2.17474 -3.40165 1.94526 3.59667 -3.75589 1.53324 2.81353 -3.54602 -0.73372 -1.18089 3.94949 0.49556 -0.19212 -3.60471 0.65818 2.80994 -2.17061 -2.77451 3.71138 
Fopt: 0.0
F(Xopt): 0.0
