Fitness: -42.362133278124496
Objective: 42.362133278124496
Individual: 0.71906 -3.35890 1.82599 4.33548 -0.94317 -0.19147 -1.42346 -0.42922 2.99480 -0.66623 1.18192 0.51263 -0.60001 -0.52964 2.19459 0.91009 1.08309 -1.05829 -0.37425 1.39029 1.61168 2.91188 3.30496 0.20114 1.38448 
Gradient: -2776.24846 -3764.84933 -1633.09207 1382.77767 -1591.11953 -1225.00853 -2617.96498 2277.37643 3336.79844 -2936.43111 1345.99989 5864.43602 2527.37277 -3114.90737 251.44066 1022.72394 1857.26292 4056.92993 2663.83804 -99.68360 4846.32468 3368.51425 3551.17084 -1760.22401 5775.35588 
Xopt: 1.84631 0.63700 2.22410 -3.08002 -1.29627 1.43213 0.33776 3.15911 -3.87834 3.46332 0.15516 0.52911 -0.46790 3.91783 1.48156 0.61268 -2.27764 1.50678 -1.23514 0.02570 -0.80661 -3.01422 -1.88953 -1.49505 1.36537 
Fopt: 0.0
F(Xopt): 0.0
