Fitness: -51.44504152848319
Objective: 51.44504152848319
Individual: 2.09830 -3.46504 0.06759 -1.14585 -2.53460 3.04299 2.81573 0.92332 -0.60130 0.91683 0.07797 1.98343 -4.16978 -0.60668 -0.16271 1.31252 3.40482 -3.27440 -3.36180 -0.68284 -2.51609 -4.28115 -3.72554 0.40765 -0.47954 
Gradient: 2466.68159 334.88138 -1414.58737 -367.67216 -2429.30676 -1473.96403 3863.77934 924.46771 -688.89202 -1693.43382 -2081.07982 740.49471 -271.70206 -771.02587 85.86972 -810.01212 -1967.03591 1190.67378 692.64248 1565.64462 680.61260 1424.58125 -170.29074 783.22692 -3197.03362 
Xopt: 1.84129 2.13149 2.16075 0.72766 3.43553 -0.88554 0.73464 0.64045 -0.06965 3.22997 -1.00050 -3.22812 -0.21040 -1.02042 1.35829 -2.24858 -3.17513 -0.72359 -3.06041 -3.62107 -1.37000 -1.20650 -3.39764 2.74400 -2.74013 
Fopt: 0.0
F(Xopt): 0.0
