Fitness: -5.850013184611472
Objective: 17.93001318461147
Individual: 1.27595 -3.46439 -3.37959 2.40785 -2.70866 0.97697 3.08478 -3.02166 1.82915 1.25795 
Gradient: 0.83390 1.91302 -0.35211 -0.98581 1.03802 0.50736 -1.16702 2.40635 2.13024 -0.07658 
Xopt: 1.84846 -3.43206 -3.46304 2.14526 -2.18132 1.28256 2.45339 -3.76146 2.48936 3.56333 
Fopt: -12.08
F(Xopt): -12.08
