Fitness: -98.97397075440603
Objective: 36.84397075440602
Individual: 0.66027 2.26104 -1.84805 2.84916 1.83603 1.53293 -1.01810 -2.64229 3.19301 3.06877 
Gradient: 5.68826 -1.71975 -3.15701 -1.54926 2.30945 -2.32542 0.55117 -0.48315 0.00030 -0.09233 
Xopt: 1.84918 3.21158 -0.02542 3.88702 2.85699 3.89937 -2.17474 -3.40165 1.94526 3.59667 
Fopt: 62.13
F(Xopt): 62.13
