Fitness: -47.02757623079829
Objective: 16.03757623079829
Individual: 0.83540 2.59748 2.84681 0.89025 2.43869 -0.14588 -0.49046 -0.43472 0.14256 2.60601 
Gradient: -0.81827 -1.28951 -1.05420 -2.52596 2.67210 2.70952 -2.43796 -8.54637 1.90692 -3.24690 
Xopt: 1.84129 2.13149 2.16075 0.72766 3.43553 -0.88554 0.73464 0.64045 -0.06965 3.22997 
Fopt: 30.99
F(Xopt): 30.99
