Fitness: 44.43382343091851
Objective: 21.00617656908149
Individual: 2.46707 0.67340 -1.24445 2.29066 1.05769 1.30578 -2.37881 -0.20832 -0.64631 2.45591 
Gradient: -0.59923 2.75409 1.84373 -1.96404 4.80772 0.00015 -2.82315 2.31586 -1.47180 15.16811 
Xopt: 1.84201 0.77513 -2.40163 2.46942 0.47384 1.73127 -3.89349 1.00026 -0.61375 3.26330 
Fopt: -65.44
F(Xopt): -65.44
