Fitness: 67.9800441171007
Objective: 35.97995588289929
Individual: 2.55000 2.05998 3.50381 2.19524 -3.71417 -3.13055 0.09372 2.80667 -0.87250 1.72246 
Gradient: 2.28178 2.39970 2.18707 -1.04262 -0.17485 0.40122 -2.11978 0.00678 -0.55888 0.27487 
Xopt: 1.84488 3.34971 3.34886 1.43646 -3.37290 -3.80149 1.59401 2.43950 -2.79014 3.39665 
Fopt: -103.96
F(Xopt): -103.96
