Fitness: -90.08157073048099
Objective: 60.76157073048099
Individual: 2.78070 -1.33583 0.87106 -3.08910 0.10425 2.00884 -0.21256 1.71948 -1.43512 1.26745 
Gradient: 0.60544 3.31690 -1.86187 5.67004 -1.39240 -2.38666 1.06690 1.94868 -0.00013 2.07458 
Xopt: 1.84631 0.63700 2.22410 -3.08002 -1.29627 1.43213 0.33776 3.15911 -3.87834 3.46332 
Fopt: 29.32
F(Xopt): 29.32
