Fitness: -86.66736414559489
Objective: 26.027364145594888
Individual: 1.87691 -0.42812 0.18984 0.73176 0.47466 -0.25386 -1.30359 2.46914 2.15743 2.10452 
Gradient: 3.47243 -2.61898 -0.36807 0.91981 -0.76440 -10.25310 -1.48045 0.05154 -4.69705 3.56741 
Xopt: 1.84774 -2.07571 1.09934 0.40350 0.78036 -1.33425 -0.91849 3.87873 3.03346 3.52999 
Fopt: 60.64
F(Xopt): 60.64
