Fitness: 105.01338737877582
Objective: 33.85661262122419
Individual: 0.83080 -0.91694 0.07925 0.48284 1.22676 1.91325 -2.29312 1.20682 -0.25886 2.71652 
Gradient: 4.31762 -2.71020 0.98573 -0.42972 -4.22143 0.19024 1.00304 -0.18435 -0.00003 0.16467 
Xopt: 1.84416 -3.29393 -0.08876 -0.30530 -0.41121 1.58170 -1.77786 2.07969 -2.24604 3.36331 
Fopt: -138.87
F(Xopt): -138.87
