Fitness: -109.24444274746962
Objective: 41.81444274746961
Individual: -0.07981 0.35540 -2.12382 -1.67743 2.69671 -4.36508 1.08082 2.85052 1.97435 3.54893 
Gradient: 0.31262 0.41514 0.25806 -0.67822 -1.48079 0.65336 -6.31773 -0.01929 1.92111 0.75575 
Xopt: 1.84703 -0.71935 -2.33828 -1.33826 3.74205 -3.95106 3.70964 3.51892 3.57756 3.49666 
Fopt: 67.43
F(Xopt): 67.43
