Fitness: -87.59550195716912
Objective: 37.86550195716912
Individual: 0.87204 0.82976 -0.72285 1.18655 0.09945 -1.48524 -3.06080 2.80998 -0.77076 2.29877 
Gradient: 4.01130 0.31380 0.16261 -0.99028 -2.21380 -5.46435 -2.83740 -6.60945 -0.00008 0.94589 
Xopt: 1.84559 1.99336 -1.21352 3.17822 1.66542 -1.18468 -3.03411 2.79930 -3.33424 3.42998 
Fopt: 49.73
F(Xopt): 49.73
