Fitness: 37.243511154183174
Objective: 28.196488845816823
Individual: -0.25346 0.76287 -1.69198 0.83821 3.12956 -0.90690 -0.95623 1.56673 0.39226 2.89402 
Gradient: -7.45406 -3.35614 -0.00040 -3.05318 -2.01986 -4.15290 11.30343 -0.25884 0.52958 -1.07362 
Xopt: 1.84201 0.77513 -2.40163 2.46942 0.47384 1.73127 -3.89349 1.00026 -0.61375 3.26330 
Fopt: -65.44
F(Xopt): -65.44
