Fitness: -145.73490576385126
Objective: 85.09490576385126
Individual: 0.95251 3.43920 -2.98280 -0.03869 1.84059 3.67662 -2.36050 2.86964 -0.16426 -0.86983 
Gradient: -2.59137 7.85731 -5.06482 -11.26362 -3.98560 6.97065 0.53231 -2.84887 -1.99300 -15.99002 
Xopt: 1.84774 -2.07571 1.09934 0.40350 0.78036 -1.33425 -0.91849 3.87873 3.03346 3.52999 
Fopt: 60.64
F(Xopt): 60.64
