Fitness: -107.96516999082638
Objective: 40.535169990826375
Individual: 1.87273 -0.59189 -3.79725 1.39741 3.78832 -1.99294 -0.98309 1.30818 2.09903 1.95409 
Gradient: 2.88949 -0.94597 -5.79262 9.16518 6.46747 -0.13328 -11.97971 3.08440 2.10759 -3.56246 
Xopt: 1.84703 -0.71935 -2.33828 -1.33826 3.74205 -3.95106 3.70964 3.51892 3.57756 3.49666 
Fopt: 67.43
F(Xopt): 67.43
