Fitness: -68.22829844559351
Objective: 80.30829844559351
Individual: 4.51753 3.72256 4.44893 3.60034 1.54966 1.03545 4.69850 -4.96781 1.59665 4.17551 
Gradient: -1.31402 6.41093 24.20201 24.95429 0.57573 8.31911 -29.15100 -0.34672 0.00113 -13.84005 
Xopt: 1.84846 -3.43206 -3.46304 2.14526 -2.18132 1.28256 2.45339 -3.76146 2.48936 3.56333 
Fopt: -12.08
F(Xopt): -12.08
