Fitness: -58.84780762933441
Objective: 27.857807629334413
Individual: 0.88023 -0.18348 1.87849 2.91899 2.73712 2.86669 -0.31404 0.83525 1.99461 2.56749 
Gradient: -4.79312 -5.88660 -2.14197 4.14529 0.28158 7.06837 -7.86459 -1.00470 0.65342 5.26930 
Xopt: 1.84129 2.13149 2.16075 0.72766 3.43553 -0.88554 0.73464 0.64045 -0.06965 3.22997 
Fopt: 30.99
F(Xopt): 30.99
