Fitness: 11.257451538821131
Objective: 0.8225484611788687
Individual: 3.49218 -2.18272 -5.00000 3.96361 0.22215 -0.34472 0.48779 -2.80035 4.74647 4.08255 
Gradient: 0.00000 -0.00000 -0.00000 0.00000 0.00000 -0.00000 0.00000 -0.00000 0.00000 0.00000 
Xopt: 1.84846 -3.43206 -3.46304 2.14526 -2.18132 1.28256 2.45339 -3.76146 2.48936 3.56333 
Fopt: -12.08
F(Xopt): -12.08
