Fitness: 64.67312196458091
Objective: 0.766878035419083
Individual: -0.48400 0.15635 -1.95349 3.44614 1.35433 1.36021 -4.99900 1.19802 -2.55294 2.06999 
Gradient: -0.00000 0.00000 -0.00000 0.00000 0.00000 0.00000 -0.00000 0.00000 -0.00000 0.00000 
Xopt: 1.84201 0.77513 -2.40163 2.46942 0.47384 1.73127 -3.89349 1.00026 -0.61375 3.26330 
Fopt: -65.44
F(Xopt): -65.44
