Fitness: -62.217212156383404
Objective: 0.0872121563834014
Individual: 2.33197 4.18635 -1.99484 3.61205 3.34318 2.02323 -3.12143 -1.26576 0.84685 3.49268 
Gradient: 0.00000 0.00000 -0.00000 0.00000 0.00000 0.00000 -0.00000 -0.00000 0.00000 0.00000 
Xopt: 1.84918 3.21158 -0.02542 3.88702 2.85699 3.89937 -2.17474 -3.40165 1.94526 3.59667 
Fopt: 62.13
F(Xopt): 62.13
