Fitness: -60.74221169626049
Objective: 0.10221169626048976
Individual: 1.72508 -1.72305 -0.46958 -0.45556 1.10624 -0.71533 -1.37783 4.17184 4.30197 2.80915 
Gradient: 0.00000 -0.00000 -0.00000 -0.00000 0.00000 -0.00000 -0.00000 0.00000 0.00000 0.00000 
Xopt: 1.84774 -2.07571 1.09934 0.40350 0.78036 -1.33425 -0.91849 3.87873 3.03346 3.52999 
Fopt: 60.64
F(Xopt): 60.64
