Fitness: -31.235467515104975
Objective: 0.245467515104977
Individual: 2.77017 1.60468 1.96407 1.51842 2.08667 -3.25910 2.02747 0.15453 2.09376 3.13497 
Gradient: 0.00000 0.00000 0.00000 0.00000 0.00000 -0.00000 0.00000 0.00000 0.00000 0.00000 
Xopt: 1.84129 2.13149 2.16075 0.72766 3.43553 -0.88554 0.73464 0.64045 -0.06965 3.22997 
Fopt: 30.99
F(Xopt): 30.99
