Fitness: -0.9016344861117247
Objective: 18.641634486111723
Individual: -1.90551 -0.02288 0.68857 1.67788 -0.39492 -0.21208 1.36558 -1.63816 -1.54156 2.65036 -1.51283 -0.60250 -0.85361 0.05839 1.09006 -1.40147 0.32267 0.03367 -2.71842 -1.80854 -0.89120 -1.68876 -0.45544 -1.32417 -2.49446 
Gradient: -0.51936 -0.86084 -1.13024 0.29224 -1.32668 0.13588 0.66379 -0.23081 -0.07399 0.57508 -0.66926 2.15673 0.00270 1.65355 -1.05853 0.80360 1.75600 -0.87604 0.30534 1.12621 0.69510 -1.38300 0.84194 -0.81369 0.61654 
Xopt: 1.84129 2.13149 2.16075 0.72766 3.43553 -0.88554 0.73464 0.64045 -0.06965 3.22997 -1.00050 -3.22812 -0.21040 -1.02042 1.35829 -2.24858 -3.17513 -0.72359 -3.06041 -3.62107 -1.37000 -1.20650 -3.39764 2.74400 -2.74013 
Fopt: -17.74
F(Xopt): -17.74
