Fitness: -1032.7263571791746
Objective: 32.726357179174556
Individual: 1.94800 -0.69652 -2.38072 -0.01678 1.75097 -1.86039 3.30167 0.32360 0.24506 -1.20601 3.07364 -1.93758 0.12407 2.02745 -1.24147 -1.80971 0.20177 -1.91871 -1.86237 -1.43631 -1.02177 3.16740 1.69814 0.67348 0.88704 
Gradient: -1.52432 0.21223 -0.59777 0.55698 0.53887 -0.52663 -1.12959 -3.16807 -2.86728 -0.37528 5.95801 -0.61632 -0.32498 1.16813 -1.44132 -2.72819 -2.51958 2.73652 2.99102 1.46808 1.60771 1.04483 4.07388 -1.52793 -0.74770 
Xopt: 1.84703 -0.71935 -2.33828 -1.33826 3.74205 -3.95106 3.70964 3.51892 3.57756 3.49666 -0.82261 -1.21986 -1.64754 0.05187 -3.07226 2.16429 1.27914 -2.74602 -0.97438 -2.88190 1.55958 2.44182 -3.95980 0.18508 1.95188 
Fopt: 1000.0
F(Xopt): 1000.0
