Fitness: -102.80369127787881
Objective: 31.933691277878808
Individual: -0.93414 -1.06151 -0.64520 -3.39464 2.60495 -1.44193 -0.41404 -0.72619 -1.12791 0.29305 3.16351 3.48766 0.30579 0.78320 -1.36527 -0.80961 0.94044 -1.35195 3.70958 -0.65291 0.39319 -1.98836 2.42822 -0.69128 -0.83586 
Gradient: -0.73966 -0.77519 0.42609 -1.09650 0.55533 -0.82114 1.20160 -0.28524 0.21571 -0.53417 1.34936 -0.37755 0.38935 -1.01769 0.59233 0.57944 0.02959 -0.66971 1.39441 -1.01936 -0.17637 1.03143 0.61021 0.70812 0.23344 
Xopt: 1.84201 0.77513 -2.40163 2.46942 0.47384 1.73127 -3.89349 1.00026 -0.61375 3.26330 -1.97827 3.02291 -1.39004 3.11362 -3.19553 -0.69697 0.38165 3.02360 -2.79966 1.47132 0.99620 -3.75046 2.53209 -3.57587 -2.15363 
Fopt: 70.87
F(Xopt): 70.87
