Fitness: -83.38114768880882
Objective: 33.49114768880882
Individual: 0.95001 0.24058 -1.19285 -1.01220 -0.07471 1.81361 0.76343 1.06055 -2.12256 -0.09109 2.54227 -0.86480 2.82284 0.65731 -0.69106 -1.44917 -1.26025 0.02402 0.70090 -0.06772 1.39536 -2.93986 0.78738 0.54871 1.51005 
Gradient: -0.24769 1.17559 0.68517 0.61027 0.07627 -1.08711 -0.37281 1.30144 -1.26404 -0.62419 1.33519 -1.04703 0.03085 -0.67926 -2.62981 0.38830 0.10442 1.63593 0.72703 0.76342 1.51339 1.55387 -1.27909 -1.56878 -0.98053 
Xopt: 1.84846 -3.43206 -3.46304 2.14526 -2.18132 1.28256 2.45339 -3.76146 2.48936 3.56333 -2.77813 3.28221 3.99317 0.31994 3.82010 -2.73250 0.39271 -3.25163 -0.45288 -0.69710 -1.70802 -2.64610 -0.10034 3.54535 3.12488 
Fopt: 49.89
F(Xopt): 49.89
