Fitness: 179.97131576971478
Objective: 49.25868423028521
Individual: 1.76083 0.89323 -1.47043 4.38203 -0.76713 -1.40845 0.01282 -3.07372 -1.07289 -0.71354 0.51723 0.51884 2.82242 0.71628 -1.11109 0.50035 1.29939 1.65003 1.79973 0.07329 -0.09887 1.29607 0.61277 -3.50978 -1.07363 
Gradient: 1.50058 -4.26805 -4.35890 -1.26008 -3.93348 -2.63697 0.04684 3.10114 -0.32544 -4.25987 2.76556 -1.91809 -1.06143 2.08257 1.48633 0.59479 -0.58770 3.11168 3.83326 0.47796 -1.08180 -0.80289 1.37276 -0.83613 0.23855 
Xopt: 1.84918 3.21158 -0.02542 3.88702 2.85699 3.89937 -2.17474 -3.40165 1.94526 3.59667 -3.75589 1.53324 2.81353 -3.54602 -0.73372 -1.18089 3.94949 0.49556 -0.19212 -3.60471 0.65818 2.80994 -2.17061 -2.77451 3.71138 
Fopt: -229.23
F(Xopt): -229.23
