Fitness: -1022.0689703708242
Objective: 22.068970370824218
Individual: 1.82525 -2.07312 2.42793 0.89883 0.99371 -0.25726 -0.07456 1.20382 1.42608 0.58810 -1.57886 -1.14824 -0.90177 -1.87174 1.02095 0.21295 -0.57127 -0.12135 1.43766 -1.05506 1.97441 0.63794 1.50250 0.50748 0.36108 
Gradient: -0.02260 -0.15371 0.87739 -0.81676 0.34705 0.51242 -0.19346 -1.57306 -1.09383 -1.33170 -0.78807 1.01378 0.25634 1.76070 -0.16525 -2.41337 1.34596 -0.91309 1.14490 -1.38681 -0.05774 0.58994 0.53281 -1.47811 -0.71280 
Xopt: 1.84774 -2.07571 1.09934 0.40350 0.78036 -1.33425 -0.91849 3.87873 3.03346 3.52999 -1.80037 -2.96882 -2.82719 -3.81410 0.37392 3.71589 -3.16407 1.00117 -0.71363 2.21050 3.92578 -0.10214 1.96993 1.86522 2.53838 
Fopt: 1000.0
F(Xopt): 1000.0
