Fitness: 212.69995637241504
Objective: 16.740043627584953
Individual: 3.14086 1.67388 0.63457 0.42451 1.45810 -0.49660 -1.72667 2.02229 -1.64721 2.95520 -1.09216 -0.10854 0.93413 2.03146 -0.71087 0.44680 -1.44702 1.30289 -2.52057 3.95250 -3.44521 0.38778 0.88705 -2.45021 -2.55668 
Gradient: 0.56060 -2.56479 0.74365 -3.07368 -0.06444 0.64371 0.62800 0.63080 1.03713 0.06613 -1.05427 -2.48382 0.36056 0.29092 0.95296 -0.18536 -0.44480 1.37534 -1.29777 -1.68009 0.58646 -1.03521 -0.05337 -0.30473 -1.44844 
Xopt: 1.84559 1.99336 -1.21352 3.17822 1.66542 -1.18468 -3.03411 2.79930 -3.33424 3.42998 1.13292 2.27808 0.71174 -0.21620 -1.96463 -0.93893 2.16557 -2.24042 -1.49589 2.93331 -3.17281 -0.47026 0.18074 -3.17519 0.77887 
Fopt: -229.44
F(Xopt): -229.44
