Fitness: -318.14197591591704
Objective: 25.30197591591707
Individual: 4.68526 1.24734 -0.36668 1.39058 -0.17436 2.20623 0.47050 -0.70359 -1.16775 1.89114 4.18526 -2.59586 -1.78986 1.52094 1.72878 -2.03900 1.99978 -0.27005 1.68220 0.17201 1.44825 1.75301 0.39154 1.81360 1.05048 
Gradient: 0.90947 -1.62573 -0.63040 0.39475 0.56681 1.93904 0.23815 -0.18833 0.50203 -0.72865 0.06430 -0.27169 -0.47010 -0.91311 -0.72180 0.32630 1.15122 -1.18324 1.48734 0.12838 -1.31811 -0.05554 -0.22228 -0.15680 0.38538 
Xopt: 1.84488 3.34971 3.34886 1.43646 -3.37290 -3.80149 1.59401 2.43950 -2.79014 3.39665 2.11068 -3.97295 1.89139 3.64976 2.58919 -2.49054 -1.39121 2.01239 -1.75664 -2.15909 2.46099 2.07370 2.25101 3.14468 0.19237 
Fopt: 292.84
F(Xopt): 292.84
