Fitness: -117.62229222135353
Objective: 30.902292221353534
Individual: 3.48653 2.33897 1.09191 -2.10917 0.68387 0.60687 0.87660 0.98569 -0.98574 0.01199 0.60397 -0.38054 0.96009 0.35380 -0.85808 0.29600 -0.33591 -0.15095 0.53320 -0.14031 -1.65605 -0.81022 0.11340 -1.32731 -0.55357 
Gradient: 0.76653 2.22900 -1.53591 1.26341 2.75595 0.54142 -1.55088 -2.10590 2.27382 -3.43728 1.23083 -0.31560 0.31045 -1.58635 -1.51611 0.65944 1.99647 -1.06230 1.18024 -0.77429 -1.25299 1.89040 0.58877 -1.10896 -0.39644 
Xopt: 1.84631 0.63700 2.22410 -3.08002 -1.29627 1.43213 0.33776 3.15911 -3.87834 3.46332 0.15516 0.52911 -0.46790 3.91783 1.48156 0.61268 -2.27764 1.50678 -1.23514 0.02570 -0.80661 -3.01422 -1.88953 -1.49505 1.36537 
Fopt: 86.72
F(Xopt): 86.72
