Fitness: -98.46492082046838
Objective: 25.064920820468373
Individual: 4.77305 -3.89502 1.56726 4.61631 -0.47710 2.14895 -1.97974 -1.34358 0.01175 3.80092 3.52302 -1.34042 2.15191 -1.16194 -0.41527 -0.10360 -1.02718 -0.04791 -0.79079 1.52501 1.58245 -2.56633 -2.14841 1.32030 1.83147 
Gradient: 0.56334 -2.59489 -0.52471 1.29808 2.00302 0.34176 -0.32628 -2.75452 2.19704 -0.43196 2.32317 0.11995 -2.27311 -0.02794 0.06155 -3.65396 -1.38077 0.82340 0.73973 2.17157 1.63680 0.88446 -1.14544 -1.35562 0.75719 
Xopt: 1.84416 -3.29393 -0.08876 -0.30530 -0.41121 1.58170 -1.77786 2.07969 -2.24604 3.36331 3.08845 -2.22399 3.07103 -0.48428 -0.85699 3.95786 3.05201 -1.73481 -2.01740 0.74851 0.09479 -3.38234 -3.67872 1.46454 -0.39413 
Fopt: 73.4
F(Xopt): 73.4
