Fitness: -60.640363852360984
Objective: 3.6385236098368523E-4
Individual: 1.84773 -2.07571 1.09931 0.40340 0.77969 -1.33425 -0.91870 3.87873 3.03346 3.53022 
Gradient: -0.00499 -0.00005 -0.01233 -0.08583 -0.64558 0.00006 -0.27596 0.00044 -0.00424 0.77646 
Xopt: 1.84774 -2.07571 1.09934 0.40350 0.78036 -1.33425 -0.91849 3.87873 3.03346 3.52999 
Fopt: 60.64
F(Xopt): 60.64
