Fitness: 12.079115635121527
Objective: 8.843648784733205E-4
Individual: 1.84809 -3.43208 -3.46326 2.14525 -2.18132 1.28256 2.45251 -3.76146 2.48929 3.56302 
Gradient: -0.19040 -0.00864 -0.09540 -0.00166 -0.00071 0.00007 -1.55087 -0.00872 -0.22077 -1.61036 
Xopt: 1.84846 -3.43206 -3.46304 2.14526 -2.18132 1.28256 2.45339 -3.76146 2.48936 3.56333 
Fopt: -12.08
F(Xopt): -12.08
