Fitness: -62.130146134266155
Objective: 1.4613426615284197E-4
Individual: 1.84916 3.21158 -0.02604 3.88702 2.85688 3.89936 -2.17488 -3.40165 1.94526 3.59667 
Gradient: -0.00681 -0.00091 -0.34270 0.00016 -0.14278 -0.00246 -0.32359 -0.00037 -0.01138 0.00070 
Xopt: 1.84918 3.21158 -0.02542 3.88702 2.85699 3.89937 -2.17474 -3.40165 1.94526 3.59667 
Fopt: 62.13
F(Xopt): 62.13
