Fitness: -67.43138410759543
Objective: 0.0013841075954275084
Individual: 1.84683 -0.71945 -2.33829 -1.33827 3.74204 -3.95106 3.70955 3.51892 3.57658 3.49666 
Gradient: -0.06705 -0.05256 -0.00813 -0.01042 -0.00970 -0.00027 -0.17578 0.00042 -3.02749 0.00070 
Xopt: 1.84703 -0.71935 -2.33828 -1.33826 3.74205 -3.95106 3.70964 3.51892 3.57756 3.49666 
Fopt: 67.43
F(Xopt): 67.43
