Fitness: 103.95987174906674
Objective: 1.282509332583004E-4
Individual: 1.84486 3.34972 3.34876 1.43659 -3.37291 -3.80149 1.59371 2.43951 -2.79029 3.39665 
Gradient: -0.00709 0.00226 -0.06686 0.06332 -0.01960 -0.00026 -0.74904 0.02198 -0.53464 0.00069 
Xopt: 1.84488 3.34971 3.34886 1.43646 -3.37290 -3.80149 1.59401 2.43950 -2.79014 3.39665 
Fopt: -103.96
F(Xopt): -103.96
