Fitness: 138.8676168589185
Objective: 0.002383141081509166
Individual: 1.84341 -3.29393 -0.08882 -0.30530 -0.41182 1.58170 -1.77885 2.07969 -2.24699 3.36331 
Gradient: -0.27103 -0.00102 -0.02193 0.00118 -0.54684 -0.00002 -1.84142 0.00026 -2.85542 0.00069 
Xopt: 1.84416 -3.29393 -0.08876 -0.30530 -0.41121 1.58170 -1.77786 2.07969 -2.24604 3.36331 
Fopt: -138.87
F(Xopt): -138.87
