Fitness: -49.730288977983626
Objective: 2.8897798362947924E-4
Individual: 1.84558 1.99260 -1.21352 3.17814 1.66541 -1.18468 -3.03435 2.79930 -3.33451 3.42998 
Gradient: -0.00565 -0.35519 -0.00040 -0.06773 -0.00574 -0.00010 -0.29346 0.00034 -0.76347 0.00069 
Xopt: 1.84559 1.99336 -1.21352 3.17822 1.66542 -1.18468 -3.03411 2.79930 -3.33424 3.42998 
Fopt: 49.73
F(Xopt): 49.73
