Fitness: -29.320537510197404
Objective: 5.375101974038898E-4
Individual: 1.84577 0.63700 2.22294 -3.08002 -1.29628 1.43213 0.33776 3.15911 -3.87852 3.46332 
Gradient: -0.15984 -0.00007 -0.87628 -0.00006 -0.01905 0.00010 -0.00272 0.00041 -0.57257 0.00083 
Xopt: 1.84631 0.63700 2.22410 -3.08002 -1.29627 1.43213 0.33776 3.15911 -3.87834 3.46332 
Fopt: 29.32
F(Xopt): 29.32
