Fitness: -30.990522832143938
Objective: 5.228321439396666E-4
Individual: 1.84121 2.13149 2.16075 0.72766 3.43484 -0.88545 0.73419 0.64046 -0.06989 3.22997 
Gradient: -0.03314 0.00043 -0.00092 0.00003 -0.66946 0.11443 -0.65001 0.03908 -0.46951 0.00069 
Xopt: 1.84129 2.13149 2.16075 0.72766 3.43553 -0.88554 0.73464 0.64045 -0.06965 3.22997 
Fopt: 30.99
F(Xopt): 30.99
