Fitness: 65.43935238682684
Objective: 6.476131731574242E-4
Individual: 1.84085 0.77513 -2.40179 2.47023 0.47384 1.73127 -3.89384 1.00026 -0.61376 3.26330 
Gradient: -0.52932 0.00001 -0.12382 0.58104 -0.00039 0.00014 -0.90311 0.00013 -0.03845 0.00069 
Xopt: 1.84201 0.77513 -2.40163 2.46942 0.47384 1.73127 -3.89349 1.00026 -0.61375 3.26330 
Fopt: -65.44
F(Xopt): -65.44
