Fitness: -1502.297061786574
Objective: 502.297061786574
Individual: 0.75678 -1.88409 2.02850 1.92953 -1.55371 1.43239 -1.17585 2.01775 2.92799 3.35088 0.37646 1.92028 -1.95082 0.35067 3.55281 1.64020 -0.44042 1.11569 -0.89115 -0.22614 0.61276 -0.32383 -0.97805 -0.05471 0.80943 
Gradient: 60.41322 -174.74592 1.29423 -321.17071 6.79883 -166.91054 -89.18119 -97.75044 -143.85569 -67.88326 55.15095 154.28701 61.29544 93.32890 69.91641 -76.40274 -56.65764 82.21655 73.31608 24.16680 -166.06120 48.64422 -83.69653 -234.40765 -26.26491 
Xopt: 1.84774 -2.07571 1.09934 0.40350 0.78036 -1.33425 -0.91849 3.87873 3.03346 3.52999 -1.80037 -2.96882 -2.82719 -3.81410 0.37392 3.71589 -3.16407 1.00117 -0.71363 2.21050 3.92578 -0.10214 1.96993 1.86522 2.53838 
Fopt: 1000.0
F(Xopt): 1000.0
