Fitness: -765.1111765265465
Objective: 715.2211765265465
Individual: 3.48185 -2.46561 -0.66896 -2.48034 4.16587 -0.91586 0.23504 -1.94981 2.61313 2.41513 -0.11388 0.03066 3.06736 0.05229 0.43302 1.57230 0.96625 -2.31610 1.58662 1.87494 0.25493 -1.13471 -0.77861 2.11627 1.16491 
Gradient: -27.16177 35.37134 2.90486 -35.43238 123.17159 120.45013 76.05899 53.71815 -66.88380 51.69264 14.18323 37.63637 -162.42735 163.24012 -31.21161 114.85082 -35.29356 118.65134 -27.04727 -95.79309 64.15853 44.84597 -95.86330 -163.92685 140.55075 
Xopt: 1.84846 -3.43206 -3.46304 2.14526 -2.18132 1.28256 2.45339 -3.76146 2.48936 3.56333 -2.77813 3.28221 3.99317 0.31994 3.82010 -2.73250 0.39271 -3.25163 -0.45288 -0.69710 -1.70802 -2.64610 -0.10034 3.54535 3.12488 
Fopt: 49.89
F(Xopt): 49.89
