Fitness: -1471.6892696681537
Objective: 471.68926966815366
Individual: 0.14721 -3.25158 -1.32998 -2.63008 2.94906 -2.96302 4.72186 -0.65200 3.09975 2.22449 -0.07259 -1.70389 -2.31596 -1.28216 -2.18736 -0.13665 0.73934 1.36477 -3.32984 -1.99053 2.23993 -1.69247 -2.73104 0.02927 2.29486 
Gradient: -155.24921 -79.10104 18.26864 22.74967 -41.75792 -62.12078 173.34572 -84.83454 -78.98961 206.52149 46.09612 -142.01436 94.89065 13.00867 85.06430 -6.83278 -60.85066 -77.44032 10.41606 14.20104 49.52123 133.17596 214.69739 68.28628 -91.14371 
Xopt: 1.84703 -0.71935 -2.33828 -1.33826 3.74205 -3.95106 3.70964 3.51892 3.57756 3.49666 -0.82261 -1.21986 -1.64754 0.05187 -3.07226 2.16429 1.27914 -2.74602 -0.97438 -2.88190 1.55958 2.44182 -3.95980 0.18508 1.95188 
Fopt: 1000.0
F(Xopt): 1000.0
