Fitness: -380.80078120231553
Objective: 610.0307812023156
Individual: 0.29668 -0.42909 -0.36675 4.62929 4.99935 3.15919 -2.97657 -2.68383 -2.10161 4.67029 1.90646 4.24001 2.15585 -2.41908 1.72090 -1.43618 2.52026 0.45823 -2.42472 -0.89413 1.05179 0.23055 1.22790 3.43493 2.74318 
Gradient: -2.91174 157.80733 221.49840 -26.62926 -107.90384 96.07085 -19.59290 -77.08998 -286.69394 -155.46946 233.01368 -37.33054 -123.22495 -49.28801 90.64860 136.44610 134.67687 95.50384 15.04680 43.66950 -134.60028 11.15924 7.87581 232.54444 -41.92262 
Xopt: 1.84918 3.21158 -0.02542 3.88702 2.85699 3.89937 -2.17474 -3.40165 1.94526 3.59667 -3.75589 1.53324 2.81353 -3.54602 -0.73372 -1.18089 3.94949 0.49556 -0.19212 -3.60471 0.65818 2.80994 -2.17061 -2.77451 3.71138 
Fopt: -229.23
F(Xopt): -229.23
