Fitness: -332.2228039419116
Objective: 349.9628039419116
Individual: 0.93782 4.54113 3.21200 0.94293 1.79138 0.23763 -0.20397 -1.83529 -1.11235 2.33005 -2.02799 -1.38881 -1.45124 0.38657 2.22226 -3.53604 -1.87938 -1.17594 -2.71884 -4.47360 -2.65868 -0.04682 -0.37109 2.44886 -3.53353 
Gradient: -48.46239 90.46973 199.40302 95.04375 -21.09514 23.14130 -8.01467 -8.88907 -84.15354 2.15165 -113.69521 -54.87524 -190.09396 -49.83831 218.80053 39.98466 -3.85157 -169.43235 21.71843 7.45404 38.68122 173.59706 54.01991 8.20258 5.05238 
Xopt: 1.84129 2.13149 2.16075 0.72766 3.43553 -0.88554 0.73464 0.64045 -0.06965 3.22997 -1.00050 -3.22812 -0.21040 -1.02042 1.35829 -2.24858 -3.17513 -0.72359 -3.06041 -3.62107 -1.37000 -1.20650 -3.39764 2.74400 -2.74013 
Fopt: -17.74
F(Xopt): -17.74
