Fitness: -551.0634264380451
Objective: 480.1934264380451
Individual: 0.91244 1.63468 -3.09718 0.13874 0.73549 -0.43236 -2.85344 0.12537 -0.08300 1.08962 -2.05912 1.77398 0.39072 1.10325 -1.45770 0.63389 -1.39346 -0.24473 0.12964 -0.62051 0.55636 -1.86414 0.17306 0.09876 -0.60404 
Gradient: -137.66298 -15.12977 -157.68525 76.86665 -68.89482 87.70696 -160.24398 53.65399 39.35905 -26.21274 -27.74561 86.99603 -53.89368 34.52164 -89.49538 -34.30155 -69.73990 -161.31402 -7.07322 -4.72516 24.64448 255.19113 26.81809 162.88658 149.23243 
Xopt: 1.84201 0.77513 -2.40163 2.46942 0.47384 1.73127 -3.89349 1.00026 -0.61375 3.26330 -1.97827 3.02291 -1.39004 3.11362 -3.19553 -0.69697 0.38165 3.02360 -2.79966 1.47132 0.99620 -3.75046 2.53209 -3.57587 -2.15363 
Fopt: 70.87
F(Xopt): 70.87
