Fitness: -492.96273010096377
Objective: 406.24273010096374
Individual: 2.26447 -0.04142 1.65996 0.20097 -0.88970 0.39195 1.20477 -2.70477 -2.14910 0.90105 -1.71448 1.04588 -0.02134 0.86872 1.10332 1.43032 -2.31938 3.31360 -1.59026 1.41466 1.58696 -0.92019 -2.19813 -0.33108 0.83120 
Gradient: -195.40802 -38.49646 -12.60305 2.91428 -161.04007 -76.92591 -94.48009 -213.74973 -39.02582 -17.35315 -130.49866 -19.75797 43.65051 -94.52099 85.50000 -31.95818 2.90986 44.23819 -12.28362 -13.55012 -140.62499 61.57379 -88.83239 -39.50114 56.42334 
Xopt: 1.84631 0.63700 2.22410 -3.08002 -1.29627 1.43213 0.33776 3.15911 -3.87834 3.46332 0.15516 0.52911 -0.46790 3.91783 1.48156 0.61268 -2.27764 1.50678 -1.23514 0.02570 -0.80661 -3.01422 -1.88953 -1.49505 1.36537 
Fopt: 86.72
F(Xopt): 86.72
