Fitness: -593.8514294916499
Objective: 520.45142949165
Individual: 3.19948 -2.53386 -3.14467 2.82182 -1.12029 -2.15050 0.23113 -2.22965 -1.78972 0.03781 -0.64123 -2.30766 0.11296 1.28803 -0.18818 1.39009 1.57904 -1.95212 -2.09357 -1.39159 2.12664 -0.61753 -1.40392 1.71111 -2.06238 
Gradient: -182.73099 -9.62915 -31.29603 -89.77487 -181.34640 -78.16005 83.98694 100.51039 43.16809 -2.34571 -266.02845 167.86567 -34.27325 -163.24454 7.70396 -52.13929 98.29420 137.72689 71.06835 34.27230 -177.87614 66.01750 -173.57584 58.09243 86.72840 
Xopt: 1.84416 -3.29393 -0.08876 -0.30530 -0.41121 1.58170 -1.77786 2.07969 -2.24604 3.36331 3.08845 -2.22399 3.07103 -0.48428 -0.85699 3.95786 3.05201 -1.73481 -2.01740 0.74851 0.09479 -3.38234 -3.67872 1.46454 -0.39413 
Fopt: 73.4
F(Xopt): 73.4
