Fitness: -1098.0551053013396
Objective: 805.2151053013397
Individual: -1.53768 3.68709 3.49803 -2.90481 1.71058 -2.19683 0.48342 1.60739 -1.14237 -0.34611 0.83857 2.60685 0.79497 2.78623 3.34763 -1.09743 -4.24854 0.44498 0.95227 -0.06273 2.78599 0.85326 -1.16511 1.60405 -1.68560 
Gradient: 113.29810 167.50077 185.17070 -136.06558 -19.05079 -152.84007 -13.54319 14.97452 -50.26840 -333.09103 17.09710 -59.05320 34.61801 179.71910 52.73662 -121.53413 -27.90865 39.24801 35.23869 146.14463 11.01340 133.25120 -54.75029 70.94730 -226.59749 
Xopt: 1.84488 3.34971 3.34886 1.43646 -3.37290 -3.80149 1.59401 2.43950 -2.79014 3.39665 2.11068 -3.97295 1.89139 3.64976 2.58919 -2.49054 -1.39121 2.01239 -1.75664 -2.15909 2.46099 2.07370 2.25101 3.14468 0.19237 
Fopt: 292.84
F(Xopt): 292.84
