Fitness: -400.13378876882706
Objective: 629.5737887688271
Individual: 4.82038 4.37952 -0.75221 0.62136 0.56867 -3.73021 0.96216 -3.71657 0.75224 3.26926 2.27136 -0.32034 -2.33536 -0.86845 1.75373 0.06998 0.90224 1.34527 -3.35539 1.86486 -1.88568 1.29514 -2.04367 -1.76630 -0.03922 
Gradient: 70.77778 -4.08203 -27.13297 160.14826 -120.54764 -265.93200 113.53283 -5.54330 -12.75903 22.08818 -33.34836 98.28762 181.77752 120.99547 -273.73880 -34.48922 -36.67466 -145.37613 -16.79615 -74.28900 148.77181 76.24609 -148.54218 46.01149 -47.31155 
Xopt: 1.84559 1.99336 -1.21352 3.17822 1.66542 -1.18468 -3.03411 2.79930 -3.33424 3.42998 1.13292 2.27808 0.71174 -0.21620 -1.96463 -0.93893 2.16557 -2.24042 -1.49589 2.93331 -3.17281 -0.47026 0.18074 -3.17519 0.77887 
Fopt: -229.44
F(Xopt): -229.44
