Fitness: 222.16942344378452
Objective: 7.060576556215466
Individual: -1.92351 0.98368 0.21957 3.45089 2.82222 1.77184 -1.88968 -2.52114 -1.93206 2.01954 1.36181 3.59806 1.19979 -1.53966 2.86411 -1.56909 3.43127 -0.14680 0.05135 -2.00399 -1.04825 2.37490 -1.96574 0.35240 1.20368 
Gradient: -2.95022 -0.47141 0.98580 -2.30221 -0.90981 4.09810 -0.15740 -2.86422 0.35998 3.22147 -2.24100 0.01799 -1.20346 0.15601 -0.41217 2.95369 -0.78354 -0.64338 -2.04865 -5.67850 -0.24896 -2.46042 0.53433 0.82747 0.11042 
Xopt: 1.84918 3.21158 -0.02542 3.88702 2.85699 3.89937 -2.17474 -3.40165 1.94526 3.59667 -3.75589 1.53324 2.81353 -3.54602 -0.73372 -1.18089 3.94949 0.49556 -0.19212 -3.60471 0.65818 2.80994 -2.17061 -2.77451 3.71138 
Fopt: -229.23
F(Xopt): -229.23
