Fitness: -96.51905307048935
Objective: 9.79905307048935
Individual: 0.73522 -4.70336 2.98628 4.02194 -2.65197 -0.16867 -0.11578 0.72613 -2.51292 -0.27759 -1.11273 3.31805 2.56324 2.42471 3.40962 1.64408 -1.47244 0.00136 -0.13158 1.02895 -0.35199 0.32006 -0.12502 1.42730 1.67463 
Gradient: -1.21471 -2.89378 -3.00322 -0.07094 2.86288 0.04478 -0.14944 2.15620 -3.39094 -1.99359 4.95837 -3.71486 -5.03747 -1.49503 -0.53212 -6.72011 5.63197 -1.03619 -2.06496 -1.32003 2.03052 3.03028 1.83982 -2.21636 -2.41339 
Xopt: 1.84631 0.63700 2.22410 -3.08002 -1.29627 1.43213 0.33776 3.15911 -3.87834 3.46332 0.15516 0.52911 -0.46790 3.91783 1.48156 0.61268 -2.27764 1.50678 -1.23514 0.02570 -0.80661 -3.01422 -1.88953 -1.49505 1.36537 
Fopt: 86.72
F(Xopt): 86.72
