Fitness: -302.63550652407935
Objective: 9.795506524079372
Individual: -0.36827 3.87595 0.97069 0.08036 1.15861 -0.70947 0.68472 4.43309 -3.09219 1.53793 1.50989 4.17205 2.44116 2.73322 2.96348 -1.98955 -2.98104 0.08111 0.16449 1.81941 0.96761 -0.86299 -1.81075 2.61524 2.34124 
Gradient: 2.30729 1.65042 -1.03570 1.48579 -3.27241 2.69153 -1.17710 0.46108 2.84398 0.00900 0.02700 -1.39410 1.51863 2.20433 -3.68788 -0.13500 -0.63873 -1.07613 1.14832 1.74661 -0.41996 -2.24630 2.86732 -0.18517 -0.50415 
Xopt: 1.84488 3.34971 3.34886 1.43646 -3.37290 -3.80149 1.59401 2.43950 -2.79014 3.39665 2.11068 -3.97295 1.89139 3.64976 2.58919 -2.49054 -1.39121 2.01239 -1.75664 -2.15909 2.46099 2.07370 2.25101 3.14468 0.19237 
Fopt: 292.84
F(Xopt): 292.84
