Fitness: 12.605139800171917
Objective: 5.134860199828081
Individual: -0.37223 1.31835 -0.00097 3.87987 1.53582 -2.25582 -1.06682 -0.08940 0.11444 1.11158 -1.32905 -1.39874 -2.32967 -0.10015 2.07059 -3.22663 -2.25667 -1.20343 -3.53868 -4.74956 -2.51117 0.65831 -0.80630 2.08278 -3.65607 
Gradient: -1.71740 -3.95825 -1.14525 -2.45409 -0.66991 -3.91327 1.72132 -2.36674 -2.48297 1.46952 -1.66387 1.35786 -0.68146 -2.12247 2.58309 -1.69676 6.49787 2.01220 -2.61106 -0.28205 0.23666 0.03785 0.12909 0.86532 2.22769 
Xopt: 1.84129 2.13149 2.16075 0.72766 3.43553 -0.88554 0.73464 0.64045 -0.06965 3.22997 -1.00050 -3.22812 -0.21040 -1.02042 1.35829 -2.24858 -3.17513 -0.72359 -3.06041 -3.62107 -1.37000 -1.20650 -3.39764 2.74400 -2.74013 
Fopt: -17.74
F(Xopt): -17.74
