Fitness: -79.92283518487122
Objective: 9.052835184871213
Individual: -0.86586 0.11876 0.08702 3.73613 -0.85520 -3.11675 -1.17253 1.41922 1.08720 0.69190 0.25296 -1.34610 1.14589 0.55424 -2.11008 -1.48207 0.34227 3.12615 -0.21732 0.81774 0.55833 -1.28079 0.03380 1.02649 1.24587 
Gradient: 9.39849 -10.21689 -0.62763 1.63623 1.33482 -0.76244 0.88952 -5.33088 0.87871 1.92782 0.11019 0.18511 -0.15397 -5.23789 3.13035 1.30406 3.96466 1.73092 -2.02693 5.06660 0.99873 -0.17438 0.90422 -1.55271 -3.79862 
Xopt: 1.84201 0.77513 -2.40163 2.46942 0.47384 1.73127 -3.89349 1.00026 -0.61375 3.26330 -1.97827 3.02291 -1.39004 3.11362 -3.19553 -0.69697 0.38165 3.02360 -2.79966 1.47132 0.99620 -3.75046 2.53209 -3.57587 -2.15363 
Fopt: 70.87
F(Xopt): 70.87
