Fitness: -58.8589778942341
Objective: 8.9689778942341
Individual: 1.57356 0.21575 -3.35071 0.15442 0.06086 0.56622 -0.40760 -1.10854 -0.25738 -0.93413 0.65703 3.44064 3.12257 -0.04437 3.73197 0.33090 -0.35118 -1.01161 3.22328 -0.97429 -1.59475 -2.47480 0.67434 0.45671 1.41000 
Gradient: 3.61186 1.49587 -0.65159 0.05792 -4.19840 -0.39864 0.24948 1.50926 -1.93115 -3.44481 -3.84981 1.13877 -0.28395 -1.81811 -7.76270 -1.60320 -1.27616 -0.67650 0.66202 0.98847 -3.20250 -2.83980 -1.42080 -1.16543 2.96125 
Xopt: 1.84846 -3.43206 -3.46304 2.14526 -2.18132 1.28256 2.45339 -3.76146 2.48936 3.56333 -2.77813 3.28221 3.99317 0.31994 3.82010 -2.73250 0.39271 -3.25163 -0.45288 -0.69710 -1.70802 -2.64610 -0.10034 3.54535 3.12488 
Fopt: 49.89
F(Xopt): 49.89
