Fitness: -1007.8666186038115
Objective: 7.866618603811503
Individual: -2.04062 2.80654 -0.27220 2.36044 4.54291 -4.80495 3.51288 2.12248 3.10888 3.71807 1.41894 -0.98552 0.86610 2.34735 -0.73021 2.95818 1.03665 -3.48474 -1.92931 2.70448 0.39032 2.43386 -2.14808 -1.37603 4.18670 
Gradient: -6.23160 -1.45886 -0.78047 1.55644 -3.10712 5.19543 -2.07561 -2.23150 -4.44731 -1.64090 3.56593 -5.36883 0.16219 2.25938 4.02845 0.25742 0.31993 4.24612 -0.62196 1.03216 1.44331 -1.64860 -1.38115 -0.17088 -6.10017 
Xopt: 1.84703 -0.71935 -2.33828 -1.33826 3.74205 -3.95106 3.70964 3.51892 3.57756 3.49666 -0.82261 -1.21986 -1.64754 0.05187 -3.07226 2.16429 1.27914 -2.74602 -0.97438 -2.88190 1.55958 2.44182 -3.95980 0.18508 1.95188 
Fopt: 1000.0
F(Xopt): 1000.0
