Fitness: -82.34933160445854
Objective: 8.949331604458536
Individual: 1.79101 -3.49117 0.63348 1.23560 2.53263 -1.16614 -0.24030 2.64326 -1.13673 -1.65998 -0.98611 -1.70327 0.60200 -1.57800 -0.13110 2.15974 2.18050 -2.48433 -3.73849 -0.36653 2.00924 0.22666 -1.94727 -0.04323 -0.57420 
Gradient: -5.49360 -3.81674 0.01689 -1.96889 -5.06652 -1.84186 -1.99367 -4.29694 1.35518 5.42708 3.48236 -1.03556 -1.76600 -0.46578 -0.38987 4.08011 2.17505 3.22266 -2.64105 -3.11527 -3.95205 -3.26977 -1.92236 -1.51581 3.38999 
Xopt: 1.84416 -3.29393 -0.08876 -0.30530 -0.41121 1.58170 -1.77786 2.07969 -2.24604 3.36331 3.08845 -2.22399 3.07103 -0.48428 -0.85699 3.95786 3.05201 -1.73481 -2.01740 0.74851 0.09479 -3.38234 -3.67872 1.46454 -0.39413 
Fopt: 73.4
F(Xopt): 73.4
