Fitness: 218.93385419266525
Objective: 10.506145807334747
Individual: -1.14388 1.08393 3.65991 2.26512 0.01923 -3.46685 1.62311 -2.44775 1.04994 2.19236 0.84208 0.22114 -2.31282 -1.11297 0.32020 -1.24183 1.70221 1.32683 0.33413 -0.62925 -0.87792 2.91955 -3.87143 1.15590 -1.24480 
Gradient: -3.31003 -1.15983 1.68288 0.08173 -1.51596 -0.77149 -2.49973 2.03189 -5.00420 -0.92062 1.38351 1.52353 1.11246 1.25746 1.09988 2.82733 -3.11534 0.37699 3.33292 -0.74811 -1.30737 0.13729 7.13453 1.06989 1.75795 
Xopt: 1.84559 1.99336 -1.21352 3.17822 1.66542 -1.18468 -3.03411 2.79930 -3.33424 3.42998 1.13292 2.27808 0.71174 -0.21620 -1.96463 -0.93893 2.16557 -2.24042 -1.49589 2.93331 -3.17281 -0.47026 0.18074 -3.17519 0.77887 
Fopt: -229.44
F(Xopt): -229.44
