Fitness: -1011.6580362030796
Objective: 11.658036203079632
Individual: -1.44730 1.78498 -2.12207 0.59598 1.19475 -2.52967 -0.16428 4.31951 -3.07841 0.73985 1.94304 -0.30318 2.64742 -2.59154 1.15414 -1.76032 -0.68119 -2.67948 0.03663 0.44918 -1.72999 1.54506 -0.04396 0.78551 0.66179 
Gradient: -1.33146 0.63355 3.05324 -0.25102 -3.93045 -3.72641 -1.16512 2.62885 -2.06349 -4.33722 2.26132 -1.68230 2.08969 -0.11529 1.76389 -1.26935 1.46833 0.21657 1.35561 -2.36341 -1.55598 -2.77075 -1.95254 2.35537 1.49283 
Xopt: 1.84774 -2.07571 1.09934 0.40350 0.78036 -1.33425 -0.91849 3.87873 3.03346 3.52999 -1.80037 -2.96882 -2.82719 -3.81410 0.37392 3.71589 -3.16407 1.00117 -0.71363 2.21050 3.92578 -0.10214 1.96993 1.86522 2.53838 
Fopt: 1000.0
F(Xopt): 1000.0
