Fitness: 88.51790840064314
Objective: 140.71209159935685
Individual: 0.29668 -0.42909 -0.36675 4.69185 4.99935 3.15919 -2.98375 -2.70555 -2.15679 4.64356 1.92832 4.24001 2.15585 -2.41908 2.80412 -1.99602 3.09180 -1.16912 -0.05735 -4.12322 -1.48981 0.92489 -2.09432 1.21160 0.67386 
Gradient: 0.00000 -0.00000 -0.00000 0.00000 0.00000 0.00000 -0.00000 -0.00000 -0.00000 0.00000 0.00000 0.00000 0.00000 -0.00000 0.00000 -0.00000 0.00000 -0.00000 -0.00000 -0.00000 -0.00000 0.00000 -0.00000 0.00000 0.00000 
Xopt: 1.84918 3.21158 -0.02542 3.88702 2.85699 3.89937 -2.17474 -3.40165 1.94526 3.59667 -3.75589 1.53324 2.81353 -3.54602 -0.73372 -1.18089 3.94949 0.49556 -0.19212 -3.60471 0.65818 2.80994 -2.17061 -2.77451 3.71138 
Fopt: -229.23
F(Xopt): -229.23
