Fitness: 127.02203065472243
Objective: 102.41796934527757
Individual: -2.49062 1.83492 1.75643 2.07788 -1.15067 -3.34799 0.82216 -2.60467 1.49446 0.05828 -0.19197 0.19292 1.22379 0.51806 -1.01039 -1.18520 -0.81912 1.43603 0.09758 2.79003 1.62615 2.15838 -3.04905 -1.41822 -1.06687 
Gradient: -0.00000 0.00000 0.00000 0.00000 -0.00000 -0.00000 0.00000 -0.00000 0.00000 0.00000 -0.00000 0.00000 0.00000 0.00000 -0.00000 -0.00000 -0.00000 0.00000 0.00000 0.00000 0.00000 0.00000 -0.00000 -0.00000 -0.00000 
Xopt: 1.84559 1.99336 -1.21352 3.17822 1.66542 -1.18468 -3.03411 2.79930 -3.33424 3.42998 1.13292 2.27808 0.71174 -0.21620 -1.96463 -0.93893 2.16557 -2.24042 -1.49589 2.93331 -3.17281 -0.47026 0.18074 -3.17519 0.77887 
Fopt: -229.44
F(Xopt): -229.44
