Fitness: -170.03606974301556
Objective: 83.31606974301556
Individual: -4.02351 3.80266 3.34287 4.43165 -4.64113 0.87857 0.15586 2.14628 -1.77037 -2.15165 -2.88098 -1.03842 1.59796 -1.49141 1.30743 -2.81344 -2.07264 -0.81449 -1.09141 2.08248 2.08309 -1.28739 3.34476 -0.36028 -1.46493 
Gradient: -0.00000 0.00000 0.00000 0.00000 -0.00000 0.00000 0.00000 0.00000 -0.00000 -0.00000 -0.00000 -0.00000 0.00000 -0.00000 0.00000 -0.00000 -0.00000 -0.00000 -0.00000 0.00000 0.00000 -0.00000 0.00000 -0.00000 -0.00000 
Xopt: 1.84631 0.63700 2.22410 -3.08002 -1.29627 1.43213 0.33776 3.15911 -3.87834 3.46332 0.15516 0.52911 -0.46790 3.91783 1.48156 0.61268 -2.27764 1.50678 -1.23514 0.02570 -0.80661 -3.01422 -1.88953 -1.49505 1.36537 
Fopt: 86.72
F(Xopt): 86.72
