Fitness: -1071.9568562685122
Objective: 71.95685626851218
Individual: 0.14721 -3.25158 -1.21489 -0.92813 -3.53924 -3.89228 3.78395 -0.22517 3.94949 1.18671 0.98825 0.87714 1.42203 3.47858 -0.80493 -0.36945 1.94200 -2.03446 -4.10626 -0.51268 0.49520 -1.78151 -3.30730 1.38195 1.81181 
Gradient: 0.00000 -0.00000 -0.00000 -0.00000 -0.00000 -0.00000 0.00000 -0.00000 0.00000 0.00000 0.00000 0.00000 0.00000 0.00000 -0.00000 -0.00000 0.00000 -0.00000 -0.00000 -0.00000 0.00000 -0.00000 -0.00000 0.00000 0.00000 
Xopt: 1.84703 -0.71935 -2.33828 -1.33826 3.74205 -3.95106 3.70964 3.51892 3.57756 3.49666 -0.82261 -1.21986 -1.64754 0.05187 -3.07226 2.16429 1.27914 -2.74602 -0.97438 -2.88190 1.55958 2.44182 -3.95980 0.18508 1.95188 
Fopt: 1000.0
F(Xopt): 1000.0
