Fitness: -99.74661878876643
Objective: 26.34661878876642
Individual: 0.68752 -1.50777 -4.29467 2.83149 0.13632 -3.35029 -0.93322 -3.02520 -2.71791 0.43776 -1.88543 -0.82471 -0.96285 -1.05800 -0.25621 0.04681 1.80100 0.18428 -2.35814 -1.74353 1.66827 -0.12946 -1.55172 0.24504 -2.04007 
Gradient: 0.00000 -0.00000 -0.00000 0.00000 0.00000 -0.00000 -0.00000 -0.00000 -0.00000 0.00000 -0.00000 -0.00000 -0.00000 -0.00000 -0.00000 0.00000 0.00000 0.00000 -0.00000 -0.00000 0.00000 -0.00000 -0.00000 0.00000 -0.00000 
Xopt: 1.84416 -3.29393 -0.08876 -0.30530 -0.41121 1.58170 -1.77786 2.07969 -2.24604 3.36331 3.08845 -2.22399 3.07103 -0.48428 -0.85699 3.95786 3.05201 -1.73481 -2.01740 0.74851 0.09479 -3.38234 -3.67872 1.46454 -0.39413 
Fopt: 73.4
F(Xopt): 73.4
