Fitness: -361.2458725957738
Objective: 68.40587259577381
Individual: -0.91109 4.49580 1.29331 -2.81975 -1.50939 -3.21250 1.77937 4.78312 -2.86552 0.64782 1.01129 3.85235 2.21306 4.30718 3.38283 -1.04631 -3.74327 0.09368 0.05367 1.74502 1.29255 -0.34767 -1.12863 2.99522 2.23860 
Gradient: -0.00000 0.00000 0.00000 -0.00000 -0.00000 -0.00000 0.00000 0.00000 -0.00000 0.00000 0.00000 0.00000 0.00000 0.00000 0.00000 -0.00000 -0.00000 0.00000 0.00000 0.00000 0.00000 -0.00000 -0.00000 0.00000 0.00000 
Xopt: 1.84488 3.34971 3.34886 1.43646 -3.37290 -3.80149 1.59401 2.43950 -2.79014 3.39665 2.11068 -3.97295 1.89139 3.64976 2.58919 -2.49054 -1.39121 2.01239 -1.75664 -2.15909 2.46099 2.07370 2.25101 3.14468 0.19237 
Fopt: 292.84
F(Xopt): 292.84
