Fitness: -1095.3584515356065
Objective: 95.35845153560649
Individual: -1.59534 -1.01532 -4.03244 -0.51101 -0.93907 1.58314 1.34571 1.88538 2.18158 1.79010 -3.29246 2.27293 0.95803 -1.22086 -3.21090 -1.87547 -2.66221 3.43209 2.71732 0.26420 -0.44588 -0.33627 1.57281 0.44401 -2.89266 
Gradient: -0.00000 -0.00000 -0.00000 -0.00000 -0.00000 0.00000 0.00000 0.00000 0.00000 0.00000 -0.00000 0.00000 0.00000 -0.00000 -0.00000 -0.00000 -0.00000 0.00000 0.00000 0.00000 -0.00000 -0.00000 0.00000 0.00000 -0.00000 
Xopt: 1.84774 -2.07571 1.09934 0.40350 0.78036 -1.33425 -0.91849 3.87873 3.03346 3.52999 -1.80037 -2.96882 -2.82719 -3.81410 0.37392 3.71589 -3.16407 1.00117 -0.71363 2.21050 3.92578 -0.10214 1.96993 1.86522 2.53838 
Fopt: 1000.0
F(Xopt): 1000.0
