Fitness: -167.70573576324307
Objective: 96.83573576324306
Individual: -3.27812 -3.35641 -2.61602 -3.34244 3.51618 -1.19074 3.18657 -4.03425 0.03174 1.35598 -1.02200 3.62535 -1.51872 2.53594 0.46717 -3.15394 1.35487 2.97010 -0.67650 -1.32626 1.68859 -3.37041 -1.43040 0.86813 -1.55846 
Gradient: -0.00000 -0.00000 -0.00000 -0.00000 0.00000 -0.00000 0.00000 -0.00000 0.00000 0.00000 -0.00000 0.00000 -0.00000 0.00000 0.00000 -0.00000 0.00000 0.00000 -0.00000 -0.00000 0.00000 -0.00000 -0.00000 0.00000 -0.00000 
Xopt: 1.84201 0.77513 -2.40163 2.46942 0.47384 1.73127 -3.89349 1.00026 -0.61375 3.26330 -1.97827 3.02291 -1.39004 3.11362 -3.19553 -0.69697 0.38165 3.02360 -2.79966 1.47132 0.99620 -3.75046 2.53209 -3.57587 -2.15363 
Fopt: 70.87
F(Xopt): 70.87
