Fitness: -278.5196554042142
Objective: 228.6296554042142
Individual: 4.65122 -0.47564 -1.63784 0.10769 0.64083 2.68793 -4.35436 -1.40957 1.18996 -0.30274 -0.32482 -0.65019 1.53847 -0.29308 0.52363 1.76211 -1.67418 -1.29342 1.85884 3.31948 -0.97502 1.05844 -2.41435 3.16538 1.65058 
Gradient: 0.00000 -0.00000 -0.00000 0.00000 0.00000 0.00000 -0.00000 -0.00000 0.00000 -0.00000 -0.00000 -0.00000 0.00000 -0.00000 0.00000 0.00000 -0.00000 -0.00000 0.00000 0.00000 -0.00000 0.00000 -0.00000 0.00000 0.00000 
Xopt: 1.84846 -3.43206 -3.46304 2.14526 -2.18132 1.28256 2.45339 -3.76146 2.48936 3.56333 -2.77813 3.28221 3.99317 0.31994 3.82010 -2.73250 0.39271 -3.25163 -0.45288 -0.69710 -1.70802 -2.64610 -0.10034 3.54535 3.12488 
Fopt: 49.89
F(Xopt): 49.89
