Fitness: -187.5267048041794
Objective: 205.2667048041794
Individual: -0.37223 1.30074 -0.00097 3.85820 1.53582 -2.44690 -0.94703 -1.91014 -1.63340 2.62485 4.00377 1.48779 -4.70391 -0.10729 2.26864 -0.92768 -1.40058 2.52316 -0.79066 -3.25238 -4.03839 -0.77637 1.18667 -0.82852 -2.91005 
Gradient: -0.00000 0.00000 -0.00000 0.00000 0.00000 -0.00000 -0.00000 -0.00000 -0.00000 0.00000 0.00000 0.00000 -0.00000 -0.00000 0.00000 -0.00000 -0.00000 0.00000 -0.00000 -0.00000 -0.00000 -0.00000 0.00000 -0.00000 -0.00000 
Xopt: 1.84129 2.13149 2.16075 0.72766 3.43553 -0.88554 0.73464 0.64045 -0.06965 3.22997 -1.00050 -3.22812 -0.21040 -1.02042 1.35829 -2.24858 -3.17513 -0.72359 -3.06041 -3.62107 -1.37000 -1.20650 -3.39764 2.74400 -2.74013 
Fopt: -17.74
F(Xopt): -17.74
