Fitness: -193645.20199459992
Objective: 193874.64199459992
Individual: 4.08489 4.33904 -0.59235 -0.67725 2.52510 -2.02443 -2.71339 3.34668 -4.17709 -1.21893 -0.29372 0.19151 -2.18118 0.95803 1.80669 2.01375 0.50402 0.09053 -1.65505 2.29048 -1.32883 -0.03555 -2.45068 -0.58651 2.03370 
Gradient: 11789.06280 -10776.63011 -6041.80676 -17894.89183 4896.96242 -776.11950 -2231.99105 2138.32070 14024.42886 -4054.90135 -3302.29696 286.32605 -3934.13349 5490.63100 -3280.92534 17307.69367 -6051.27990 8765.70036 -502.74101 -9799.56522 -3644.90892 -133.40713 -941.09496 208.10624 2607.01401 
Xopt: 1.84559 1.99336 -1.21352 3.17822 1.66542 -1.18468 -3.03411 2.79930 -3.33424 3.42998 1.13292 2.27808 0.71174 -0.21620 -1.96463 -0.93893 2.16557 -2.24042 -1.49589 2.93331 -3.17281 -0.47026 0.18074 -3.17519 0.77887 
Fopt: -229.44
F(Xopt): -229.44
