Fitness: -56242.05199538922
Objective: 56259.79199538922
Individual: -1.18301 3.05590 0.01091 -1.35039 3.43607 -0.69136 -1.14110 2.99086 -0.57363 -2.16554 -1.09410 -0.57860 1.97400 -1.83287 -1.41001 1.23278 0.24097 0.00133 -2.72695 0.29075 -1.18113 -0.75134 -0.44056 2.69058 -3.12777 
Gradient: 1991.32203 -2292.02158 -1086.39657 865.76556 2227.28202 10.16190 -10043.18940 2209.85481 -1920.51100 -2340.22321 7010.74726 3523.61612 -7077.40872 4569.37601 1655.66454 -3037.97049 -4078.21549 22.90052 -5857.33978 9852.42672 -90.84352 -3188.46495 11511.72533 -4127.13457 2624.73743 
Xopt: 1.84129 2.13149 2.16075 0.72766 3.43553 -0.88554 0.73464 0.64045 -0.06965 3.22997 -1.00050 -3.22812 -0.21040 -1.02042 1.35829 -2.24858 -3.17513 -0.72359 -3.06041 -3.62107 -1.37000 -1.20650 -3.39764 2.74400 -2.74013 
Fopt: -17.74
F(Xopt): -17.74
