Fitness: -59789.36918703991
Objective: 59715.96918703991
Individual: 1.46429 1.64869 1.43225 -0.20803 1.43010 1.92232 0.68455 -2.30181 0.49137 1.91395 1.93139 -0.39578 1.35946 -1.76152 0.53080 -1.24884 -1.43478 2.38452 1.76644 0.62561 -0.04432 0.52988 -0.66001 0.19941 -0.41621 
Gradient: 7853.22451 4928.61688 -717.09316 -10841.96450 -1325.57236 -5602.88686 -3366.75495 532.08179 11052.03065 -561.75436 -4156.84559 1028.23279 -8963.80775 12919.68212 905.98912 -5536.49321 6071.70246 11869.17374 -17968.50797 -189.51081 -5012.54293 617.47950 18419.18077 -5779.26298 10118.21734 
Xopt: 1.84416 -3.29393 -0.08876 -0.30530 -0.41121 1.58170 -1.77786 2.07969 -2.24604 3.36331 3.08845 -2.22399 3.07103 -0.48428 -0.85699 3.95786 3.05201 -1.73481 -2.01740 0.74851 0.09479 -3.38234 -3.67872 1.46454 -0.39413 
Fopt: 73.4
F(Xopt): 73.4
