Fitness: -193660.79084839547
Objective: 193589.92084839547
Individual: 2.84597 0.24484 2.07346 -0.25011 -0.03903 -2.71497 -1.52919 -0.79673 -2.03997 -0.94896 -0.18770 1.19146 -0.55314 1.92607 0.55868 -3.28051 -0.06617 -2.57026 0.95731 0.97331 0.69982 0.71751 0.35647 0.68647 -0.83754 
Gradient: -4652.82583 -1361.42946 4479.20204 -4707.10158 -3886.71602 -1888.03083 -6614.31389 -258.42848 5600.27419 -128.97959 13683.24361 5228.98848 1690.72199 -8941.64950 -4048.96893 876.43182 -1547.60093 1048.96273 2987.19673 -4361.64495 5367.28518 9281.04440 -3714.33285 16638.74603 5748.50672 
Xopt: 1.84201 0.77513 -2.40163 2.46942 0.47384 1.73127 -3.89349 1.00026 -0.61375 3.26330 -1.97827 3.02291 -1.39004 3.11362 -3.19553 -0.69697 0.38165 3.02360 -2.79966 1.47132 0.99620 -3.75046 2.53209 -3.57587 -2.15363 
Fopt: 70.87
F(Xopt): 70.87
