Fitness: -64705.2574908909
Objective: 63705.2574908909
Individual: 3.51875 -4.85865 -0.31291 2.75750 -2.84688 -0.39705 4.09635 2.46121 4.45183 4.86725 0.83527 -0.31202 -2.16475 1.15590 -1.35117 1.46708 -1.65431 -0.84430 -1.70901 2.93839 0.51788 2.50605 -2.67336 -1.32790 2.48254 
Gradient: -7143.30841 5251.88624 4762.62756 294.12880 -2568.34766 -4963.15903 -14688.82498 -4244.93201 -12734.06074 -3580.07447 16804.32841 -6287.70806 7065.32588 387.44335 6368.30647 -1404.34597 4600.76452 6657.65651 -7965.58389 20203.81184 13095.62913 -828.95250 -3607.40545 -7789.24908 -247.02056 
Xopt: 1.84703 -0.71935 -2.33828 -1.33826 3.74205 -3.95106 3.70964 3.51892 3.57756 3.49666 -0.82261 -1.21986 -1.64754 0.05187 -3.07226 2.16429 1.27914 -2.74602 -0.97438 -2.88190 1.55958 2.44182 -3.95980 0.18508 1.95188 
Fopt: 1000.0
F(Xopt): 1000.0
