Fitness: -259974.7540456583
Objective: 260203.98404565832
Individual: 4.23493 1.87132 2.32808 4.60092 1.92013 0.22741 2.22824 -1.93898 2.34301 3.10992 0.35346 1.92955 1.99851 -2.49797 2.44796 -1.14775 3.19862 -1.18001 -0.10933 -3.85882 -1.99274 1.64724 -1.17348 1.29832 0.40104 
Gradient: 1150.93280 -35643.77817 -3230.74067 3017.08877 -25500.36345 -31094.13372 -18001.42539 14403.61689 4131.11177 -3255.94925 18503.09638 -1642.35434 24399.40029 23485.47806 11529.41503 727.21700 -3299.34606 6466.40055 -3044.90004 15806.29884 -30773.03435 -38990.52709 13618.03460 33330.09860 -10439.25309 
Xopt: 1.84918 3.21158 -0.02542 3.88702 2.85699 3.89937 -2.17474 -3.40165 1.94526 3.59667 -3.75589 1.53324 2.81353 -3.54602 -0.73372 -1.18089 3.94949 0.49556 -0.19212 -3.60471 0.65818 2.80994 -2.17061 -2.77451 3.71138 
Fopt: -229.23
F(Xopt): -229.23
