Fitness: -136461.58824401099
Objective: 136168.748244011
Individual: -4.94577 3.39272 -2.05724 1.12721 -4.27137 -0.90812 -2.77168 -0.64256 -4.12440 2.00557 0.27393 1.72745 1.79281 1.47767 -1.66458 -0.99595 -0.15143 1.38951 -0.19313 2.57977 3.66984 0.09143 1.62887 1.39176 -2.96768 
Gradient: -5019.90512 -8628.90010 -17454.47640 2449.18308 5906.09184 23798.90970 -11711.97594 19875.46719 4208.78514 7112.19299 -14725.77795 16207.00976 -10745.87755 -20528.94539 10622.53909 18370.27176 -137.56256 -19293.60683 -4308.03370 -7181.84768 -15359.64049 -14243.48061 -27094.74303 6116.86760 9481.65865 
Xopt: 1.84488 3.34971 3.34886 1.43646 -3.37290 -3.80149 1.59401 2.43950 -2.79014 3.39665 2.11068 -3.97295 1.89139 3.64976 2.58919 -2.49054 -1.39121 2.01239 -1.75664 -2.15909 2.46099 2.07370 2.25101 3.14468 0.19237 
Fopt: 292.84
F(Xopt): 292.84
