Fitness: -236283.27193492075
Objective: 236233.38193492073
Individual: 3.20159 -2.53680 -0.77249 0.52530 -2.10521 -2.29915 -1.21778 -2.08607 0.42102 2.34577 -0.23488 2.84861 2.96372 0.25349 -0.76012 -0.41324 3.02548 -1.06836 -2.03620 1.29164 -0.33093 -1.07501 0.33550 -0.59606 0.19573 
Gradient: 9671.76455 38778.27203 -1138.33826 -38513.86354 -6951.04199 -37064.52015 -20192.07109 -2091.44757 7129.06577 2855.79670 14225.50393 -36098.80409 -17407.05552 3883.01239 -13465.74537 37638.30032 -31474.15277 11117.25660 -13944.17668 -1230.24473 -4809.63352 -5289.25669 -7221.83405 -24349.32928 -17514.19015 
Xopt: 1.84846 -3.43206 -3.46304 2.14526 -2.18132 1.28256 2.45339 -3.76146 2.48936 3.56333 -2.77813 3.28221 3.99317 0.31994 3.82010 -2.73250 0.39271 -3.25163 -0.45288 -0.69710 -1.70802 -2.64610 -0.10034 3.54535 3.12488 
Fopt: 49.89
F(Xopt): 49.89
