Fitness: -219001.66205365944
Objective: 218914.94205365944
Individual: 0.78586 -4.70336 2.98628 2.30452 -0.75842 1.23785 -1.79781 0.11821 -3.81275 -0.10589 2.43264 2.61037 1.92695 3.72734 3.07126 -1.20853 -2.14965 3.53658 -1.80418 0.08980 -1.38559 1.10237 0.52593 -2.77188 0.16485 
Gradient: -14782.51066 -6909.54682 6047.41446 11756.42580 17064.34045 -12917.41547 -18448.58236 -45261.09948 -11913.98959 -7997.30295 30490.33274 -11641.33073 47202.43122 -47479.44598 6071.91247 -55147.76673 18986.46066 -17626.89330 -13739.28159 -13579.55519 13607.02680 13873.67868 18128.05437 -6203.23319 67373.10177 
Xopt: 1.84631 0.63700 2.22410 -3.08002 -1.29627 1.43213 0.33776 3.15911 -3.87834 3.46332 0.15516 0.52911 -0.46790 3.91783 1.48156 0.61268 -2.27764 1.50678 -1.23514 0.02570 -0.80661 -3.01422 -1.88953 -1.49505 1.36537 
Fopt: 86.72
F(Xopt): 86.72
