Fitness: -361739.76550294674
Objective: 360739.76550294674
Individual: -1.72025 -3.49917 2.08565 2.37287 0.15678 1.49435 1.85072 -0.00088 1.44458 2.68653 0.70492 -0.21432 1.21110 -0.59615 1.26169 0.88623 -0.08447 1.90889 -1.44918 -2.23964 0.07941 2.01004 -0.56765 0.41216 0.50923 
Gradient: -11034.51133 546.09401 -1062.97709 7313.87284 -325.18869 3450.19496 -539.88285 -8001.54610 -6651.04550 285.61827 10270.06588 1941.17047 -767.89895 17164.69864 -4273.56942 -7202.69028 958.97742 -6598.04243 1885.49895 10021.17417 -7990.58515 -3674.10334 550.69831 -2260.25843 1395.01944 
Xopt: 1.84774 -2.07571 1.09934 0.40350 0.78036 -1.33425 -0.91849 3.87873 3.03346 3.52999 -1.80037 -2.96882 -2.82719 -3.81410 0.37392 3.71589 -3.16407 1.00117 -0.71363 2.21050 3.92578 -0.10214 1.96993 1.86522 2.53838 
Fopt: 1000.0
F(Xopt): 1000.0
