Fitness: -133.15162278971795
Objective: 71.02162278971795
Individual: -2.28963 0.87441 2.70524 1.89324 1.20229 2.17221 1.49342 1.25744 1.94492 0.09601 
Gradient: 12.36248 -41.82659 -20.76537 -42.68713 72.29268 -0.01770 73.49743 1.96352 -2.97056 19.11877 
Xopt: 1.84918 3.21158 -0.02542 3.88702 2.85699 3.89937 -2.17474 -3.40165 1.94526 3.59667 
Fopt: 62.13
F(Xopt): 62.13
