Fitness: 87.32096931301247
Objective: 16.639030686987525
Individual: 1.40652 2.06384 2.98380 0.76089 -4.73223 -3.32065 0.92380 2.69151 0.88089 1.92034 
Gradient: 83.11979 39.07590 0.00003 24.67084 -59.31940 -20.78308 -4.41444 -14.97254 53.54665 89.89727 
Xopt: 1.84488 3.34971 3.34886 1.43646 -3.37290 -3.80149 1.59401 2.43950 -2.79014 3.39665 
Fopt: -103.96
F(Xopt): -103.96
