Fitness: -60.046970969844566
Objective: 72.12697096984456
Individual: 4.62928 3.29934 4.37712 3.60034 1.26466 1.03625 4.73273 -4.72114 1.09974 4.42651 
Gradient: -1.14096 6.01207 15.54503 10.95279 -0.88803 1.36094 -5.87338 -4.95365 -0.01917 -7.77618 
Xopt: 1.84846 -3.43206 -3.46304 2.14526 -2.18132 1.28256 2.45339 -3.76146 2.48936 3.56333 
Fopt: -12.08
F(Xopt): -12.08
