Fitness: -103.62783230154793
Objective: 36.19783230154792
Individual: 2.10348 -0.62766 -3.27691 1.39741 3.78831 -2.37899 -0.81833 1.30818 1.88612 1.99307 
Gradient: 1.56542 -0.00538 7.41122 -4.90141 -27.79549 22.13179 -0.00925 -17.07331 -8.99216 -7.18320 
Xopt: 1.84703 -0.71935 -2.33828 -1.33826 3.74205 -3.95106 3.70964 3.51892 3.57756 3.49666 
Fopt: 67.43
F(Xopt): 67.43
