Fitness: -60.233979279620115
Objective: 29.243979279620117
Individual: 0.88023 -0.49250 1.87821 2.91853 3.25129 2.86660 -0.31404 0.83552 1.99461 2.56749 
Gradient: 4.63881 -11.12416 3.60954 6.01829 -2.81432 0.00765 14.07498 2.53527 11.63005 -24.02592 
Xopt: 1.84129 2.13149 2.16075 0.72766 3.43553 -0.88554 0.73464 0.64045 -0.06965 3.22997 
Fopt: 30.99
F(Xopt): 30.99
