Fitness: 40.84441611628421
Objective: 24.59558388371579
Individual: -0.20124 0.76266 -1.94560 0.84866 3.12938 0.42630 -0.92420 1.19528 0.22209 2.73357 
Gradient: 22.67253 26.79702 -0.00491 5.32224 84.45368 -0.63675 -45.69404 11.12631 9.82507 -9.73718 
Xopt: 1.84201 0.77513 -2.40163 2.46942 0.47384 1.73127 -3.89349 1.00026 -0.61375 3.26330 
Fopt: -65.44
F(Xopt): -65.44
