Fitness: -116.11098986216402
Objective: 86.79098986216403
Individual: -1.78127 2.91641 -1.63969 0.56526 -1.42463 -1.28548 -1.91514 -1.13914 0.05726 2.17951 
Gradient: 23.65455 29.10513 -32.34172 19.15484 -2.31285 5.24903 2.07734 -0.00863 5.56151 25.80139 
Xopt: 1.84631 0.63700 2.22410 -3.08002 -1.29627 1.43213 0.33776 3.15911 -3.87834 3.46332 
Fopt: 29.32
F(Xopt): 29.32
