Fitness: -129.17152198083707
Objective: 79.44152198083708
Individual: 2.64917 0.36645 -0.49728 -0.84955 -2.83149 1.34734 -2.73877 2.41874 -0.00169 -1.49579 
Gradient: 1.71730 -33.98451 39.66749 46.96424 -49.96860 67.89974 -56.77784 -12.21703 2.27493 18.62597 
Xopt: 1.84559 1.99336 -1.21352 3.17822 1.66542 -1.18468 -3.03411 2.79930 -3.33424 3.42998 
Fopt: 49.73
F(Xopt): 49.73
