Fitness: -149.93357997893594
Objective: 89.29357997893594
Individual: 0.55208 4.16160 -2.98280 0.30400 1.84059 3.90505 -2.36044 2.86964 0.11410 -0.88250 
Gradient: 2.41686 10.57490 -3.38652 -1.01101 2.35184 3.20179 -5.06091 -10.13406 -9.00193 -5.33872 
Xopt: 1.84774 -2.07571 1.09934 0.40350 0.78036 -1.33425 -0.91849 3.87873 3.03346 3.52999 
Fopt: 60.64
F(Xopt): 60.64
