Fitness: -1892815.3300369598
Objective: 1892728.6100369599
Individual: 1.60904 4.42262 -1.71905 0.65957 0.30902 -0.72320 -2.22714 0.40744 -1.19532 1.18968 2.81209 -1.31836 -2.89237 -1.85945 -0.83476 1.41400 -2.46947 0.15742 0.60154 0.14698 0.70415 -1.30837 -0.35759 -1.32779 0.86025 
Gradient: -0.52961 17.37402 -30.70452 52.42098 26.92841 -71.85143 -161.97563 -316.11395 455.13198 -775.87612 1336.56527 -1738.71241 -4757.76511 -14677.33565 -14154.24934 5252.98037 -3144.67978 -36918.97170 126216.92105 12847.60445 261238.11452 509489.17592 834239.22404 280101.51205 -1092148.49436 
Xopt: 1.84631 0.63700 2.22410 -3.08002 -1.29627 1.43213 0.33776 3.15911 -3.87834 3.46332 0.15516 0.52911 -0.46790 3.91783 1.48156 0.61268 -2.27764 1.50678 -1.23514 0.02570 -0.80661 -3.01422 -1.88953 -1.49505 1.36537 
Fopt: 86.72
F(Xopt): 86.72
