Fitness: -1097435.4691466992
Objective: 1097385.5791466993
Individual: 0.74097 -3.41938 -0.86865 -2.45802 -1.82336 2.10613 3.32429 2.74594 -2.51563 -3.07531 2.65258 0.56534 3.37493 0.69595 -1.65705 1.37061 2.33319 -1.57121 2.43848 -0.61234 -1.49071 -1.24132 0.38692 3.75705 3.45071 
Gradient: -3.02283 0.05107 10.53122 -63.32700 8.61420 14.52505 29.12440 931.98967 -1089.40977 -1474.13007 3971.98186 -3107.62170 -975.65025 1296.80990 -29495.58347 71262.32893 58919.13957 49621.85159 190467.71110 16819.63304 20284.04658 417889.54218 525804.42904 53867.88642 778176.87321 
Xopt: 1.84846 -3.43206 -3.46304 2.14526 -2.18132 1.28256 2.45339 -3.76146 2.48936 3.56333 -2.77813 3.28221 3.99317 0.31994 3.82010 -2.73250 0.39271 -3.25163 -0.45288 -0.69710 -1.70802 -2.64610 -0.10034 3.54535 3.12488 
Fopt: 49.89
F(Xopt): 49.89
