Fitness: -2826396.2805385883
Objective: 2825396.2805385883
Individual: 4.54241 -2.88439 -4.40995 2.16981 -2.19521 -2.32136 2.21866 0.63146 2.83255 -1.72275 -2.72909 -0.41787 -0.78279 -1.12059 -0.31189 0.58112 0.39987 -3.22276 -0.65824 0.49854 4.42786 0.14682 1.67887 0.35433 1.61758 
Gradient: 4.68489 -2.40225 -29.10472 18.01218 -62.66002 -49.26304 203.54157 -401.55675 -36.34970 -1807.52230 -740.65220 1488.65737 7439.66096 8308.90250 -2884.63607 -38044.54722 79181.09319 -188738.62138 2642.24316 -147839.67685 177219.43903 124983.96573 -214458.36509 -1159314.83212 -2275237.41573 
Xopt: 1.84774 -2.07571 1.09934 0.40350 0.78036 -1.33425 -0.91849 3.87873 3.03346 3.52999 -1.80037 -2.96882 -2.82719 -3.81410 0.37392 3.71589 -3.16407 1.00117 -0.71363 2.21050 3.92578 -0.10214 1.96993 1.86522 2.53838 
Fopt: 1000.0
F(Xopt): 1000.0
