Fitness: -4478891.058245934
Objective: 4478820.1882459335
Individual: -2.65218 3.98144 -2.54641 1.31016 1.09629 3.19900 -4.24292 -1.88121 1.30691 -0.26282 0.88481 2.88574 -3.85016 -1.53855 -1.82756 -1.84730 2.69593 1.72087 -1.83727 -0.67228 0.03111 -1.90388 2.71615 -1.02439 -2.15790 
Gradient: -11.16318 11.63031 -0.73879 -16.11491 12.35206 45.09306 -25.65301 -336.70373 549.29158 -1448.10536 1872.18704 -156.04778 -4850.01482 -20055.51984 6934.40048 -16310.38918 16948.70206 -39390.90776 95415.77698 -225367.89613 -262568.70648 736284.75399 162241.14208 1493384.65623 -7790.27988 
Xopt: 1.84201 0.77513 -2.40163 2.46942 0.47384 1.73127 -3.89349 1.00026 -0.61375 3.26330 -1.97827 3.02291 -1.39004 3.11362 -3.19553 -0.69697 0.38165 3.02360 -2.79966 1.47132 0.99620 -3.75046 2.53209 -3.57587 -2.15363 
Fopt: 70.87
F(Xopt): 70.87
