Fitness: -1529990.9425160529
Objective: 1528990.9425160529
Individual: 3.13586 -2.46578 -3.37743 -0.55414 -2.37416 -2.81007 -2.61678 -0.73084 -0.84620 1.65736 -1.85700 -1.22402 -1.65394 0.66060 -1.41209 0.32413 -1.50279 1.37978 -0.56011 -3.26324 0.69161 3.35110 -2.23634 0.00303 2.08870 
Gradient: 1.72180 -4.88459 -9.48232 5.87814 -75.58238 26.66959 -239.30863 -600.72701 -1106.07616 -544.92013 -943.94749 -4.36172 -10.96482 2142.89336 8697.78348 -17248.41485 -57050.31429 226831.37106 5477.23437 -49821.54532 -181558.97654 279018.36072 928828.03051 -148152.09784 264727.72399 
Xopt: 1.84703 -0.71935 -2.33828 -1.33826 3.74205 -3.95106 3.70964 3.51892 3.57756 3.49666 -0.82261 -1.21986 -1.64754 0.05187 -3.07226 2.16429 1.27914 -2.74602 -0.97438 -2.88190 1.55958 2.44182 -3.95980 0.18508 1.95188 
Fopt: 1000.0
F(Xopt): 1000.0
