Fitness: -4789504.405336461
Objective: 4789431.005336461
Individual: 2.24853 0.08734 2.34035 -2.27316 3.72789 2.38539 -1.07442 -2.68508 -0.92967 -3.25768 2.71530 -0.69567 1.20006 -0.08382 -1.51217 -1.62251 3.46586 0.83587 0.02041 -0.10415 1.39964 -1.89633 -0.97531 2.20741 0.71448 
Gradient: 0.26922 12.47610 3.43821 -19.60026 127.88583 16.35112 42.96796 -632.71263 190.45737 -1462.91327 -274.08406 1481.30982 -3170.72751 576.63873 -2922.24756 -50242.33724 1751.61115 52633.04011 233942.54321 -94817.62371 182989.04892 457497.80454 1512158.24998 714562.61225 2097069.42719 
Xopt: 1.84416 -3.29393 -0.08876 -0.30530 -0.41121 1.58170 -1.77786 2.07969 -2.24604 3.36331 3.08845 -2.22399 3.07103 -0.48428 -0.85699 3.95786 3.05201 -1.73481 -2.01740 0.74851 0.09479 -3.38234 -3.67872 1.46454 -0.39413 
Fopt: 73.4
F(Xopt): 73.4
