Fitness: -1650607.2912218715
Objective: 1650625.0312218715
Individual: -0.68082 -1.72702 -3.55627 1.21791 2.31264 -0.34267 -0.58236 -2.31734 -0.28045 -1.86765 0.99704 -4.43314 -1.32115 -1.08533 1.38573 0.32836 0.32178 -1.56874 -0.53746 -0.15180 0.04554 -0.15930 -2.78587 2.42313 -2.98680 
Gradient: -5.01007 -16.71589 -26.71322 9.56435 -29.88807 25.55458 -68.49910 -349.35211 -41.46814 -1895.14222 2192.89447 -1493.97155 -3016.63131 -192.26164 184.53532 17198.97097 75205.14062 -28886.77576 69867.53076 414883.78108 238874.60682 633085.09809 382901.28210 -419389.73552 -560653.60156 
Xopt: 1.84129 2.13149 2.16075 0.72766 3.43553 -0.88554 0.73464 0.64045 -0.06965 3.22997 -1.00050 -3.22812 -0.21040 -1.02042 1.35829 -2.24858 -3.17513 -0.72359 -3.06041 -3.62107 -1.37000 -1.20650 -3.39764 2.74400 -2.74013 
Fopt: -17.74
F(Xopt): -17.74
