Fitness: -181103.1157903184
Objective: 180810.2757903184
Individual: -3.02679 3.80600 -2.66645 0.24633 -3.89270 4.58037 1.68061 -0.95296 0.62708 0.61677 0.52042 -2.08555 -4.11276 1.53289 1.19424 1.18112 -1.47458 1.69304 -2.52317 -2.12633 2.46357 2.15714 2.16362 2.92339 0.15398 
Gradient: -11.14148 1.59054 -24.29447 -15.34264 -10.94270 333.39084 10.14835 -430.26306 714.07300 -1013.50164 -709.92217 2723.69478 -7701.05135 -6991.77729 -6331.27445 49022.32365 -1310.17726 -13200.96754 -35006.36519 2671.33199 460.95490 48754.05362 -46727.19226 -261014.46456 -84962.52778 
Xopt: 1.84488 3.34971 3.34886 1.43646 -3.37290 -3.80149 1.59401 2.43950 -2.79014 3.39665 2.11068 -3.97295 1.89139 3.64976 2.58919 -2.49054 -1.39121 2.01239 -1.75664 -2.15909 2.46099 2.07370 2.25101 3.14468 0.19237 
Fopt: 292.84
F(Xopt): 292.84
