Fitness: -757485.1761081043
Objective: 757714.6161081042
Individual: 2.99742 0.76679 3.75708 1.52799 2.49724 2.09407 -1.11115 2.61007 1.41046 0.92033 1.66835 -1.02411 1.09119 0.14168 1.18515 -0.10865 1.38622 0.38777 -2.63775 1.94891 -1.39509 0.47321 0.26237 -3.32423 1.01327 
Gradient: 1.37333 -4.53642 6.16179 -13.63624 7.91661 118.96436 175.16857 -16.90074 201.91275 -885.28761 480.29963 -4122.25601 682.27221 1532.06360 20407.44462 4472.47539 -11715.31936 68160.21268 -92687.81814 -154863.05501 329931.43214 442500.22224 74090.68769 -120916.76946 573476.02721 
Xopt: 1.84559 1.99336 -1.21352 3.17822 1.66542 -1.18468 -3.03411 2.79930 -3.33424 3.42998 1.13292 2.27808 0.71174 -0.21620 -1.96463 -0.93893 2.16557 -2.24042 -1.49589 2.93331 -3.17281 -0.47026 0.18074 -3.17519 0.77887 
Fopt: -229.44
F(Xopt): -229.44
