Fitness: -2231716.246309271
Objective: 2231945.476309271
Individual: -1.70572 1.59387 2.64568 0.91209 -1.45510 1.78020 3.65893 -0.45725 -1.59410 -2.12926 -1.12004 -3.85449 0.73569 1.39039 -2.31440 0.49967 -1.04396 -1.13353 -0.49841 -2.23348 0.38593 0.86628 -2.31694 -1.33709 3.67795 
Gradient: -8.25006 -4.13402 13.93456 -35.22735 -108.36203 -70.03492 560.14327 346.68280 -819.28692 -1496.92514 1246.37336 -5437.74382 -3818.78656 2794.20573 -7016.66380 15693.58500 -109200.70268 -41946.10856 -22543.21982 124186.33340 -63298.16356 -606077.17264 -71589.90559 1382424.91678 -80064.25252 
Xopt: 1.84918 3.21158 -0.02542 3.88702 2.85699 3.89937 -2.17474 -3.40165 1.94526 3.59667 -3.75589 1.53324 2.81353 -3.54602 -0.73372 -1.18089 3.94949 0.49556 -0.19212 -3.60471 0.65818 2.80994 -2.17061 -2.77451 3.71138 
Fopt: -229.23
F(Xopt): -229.23
