Fitness: -1292.9029370570424
Objective: 292.90293705704244
Individual: 3.36315 -3.36896 1.33459 -4.91240 1.31190 -2.92022 3.80357 2.07044 2.23372 4.10025 -1.52654 -1.51206 -1.85018 0.09493 -2.88487 3.84189 -0.38497 -0.64573 1.41484 -3.26602 1.45788 4.63447 -2.84414 2.15841 1.66878 
Gradient: -1.00000 1.10069 1.21153 1.33352 -1.46780 1.61560 -1.77828 -1.95734 -2.15443 -2.37137 2.61016 2.87298 3.16228 -3.48069 3.83119 -4.21696 -4.64159 5.10897 5.62341 6.18966 -6.81292 -7.49894 8.25404 -9.08518 -10.00000 
Xopt: 5.00000 -5.00000 -5.00000 -5.00000 5.00000 -5.00000 5.00000 5.00000 5.00000 5.00000 -5.00000 -5.00000 -5.00000 5.00000 -5.00000 5.00000 5.00000 -5.00000 -5.00000 -5.00000 5.00000 5.00000 -5.00000 5.00000 5.00000 
Fopt: 1000.0
F(Xopt): 1000.0
