Fitness: -376.400781498592
Objective: 326.510781498592
Individual: -1.56558 -0.71098 3.14830 2.42486 1.64584 -0.14751 2.71023 -4.36893 3.55506 -3.82626 1.42834 2.70727 -1.81056 2.87740 0.89783 -0.58249 -3.11243 -0.06864 -4.85549 -3.25435 -4.01736 -1.65147 -3.29595 1.57551 3.35875 
Gradient: -1.00000 1.10069 1.21153 -1.33352 1.46780 -1.61560 -1.77828 1.95734 -2.15443 -2.37137 2.61016 -2.87298 -3.16228 -3.48070 -3.83119 4.21696 -4.64159 5.10897 5.62341 6.18966 6.81292 7.49894 8.25404 -9.08518 -10.00000 
Xopt: 5.00000 -5.00000 -5.00000 5.00000 -5.00000 5.00000 5.00000 -5.00000 5.00000 5.00000 -5.00000 5.00000 5.00000 5.00000 5.00000 -5.00000 5.00000 -5.00000 -5.00000 -5.00000 -5.00000 -5.00000 -5.00000 5.00000 5.00000 
Fopt: 49.89
F(Xopt): 49.89
