Fitness: -72.3775577970708
Objective: 301.6075577970708
Individual: 4.38148 1.73770 -1.47514 4.05937 2.14422 2.10043 -2.83211 -0.62448 -4.20005 4.68470 -4.86418 4.83382 3.31937 1.77910 -4.08714 -1.14269 -4.15434 0.40425 -2.66173 -2.59419 3.10711 -4.16492 -4.68844 -4.19818 3.49870 
Gradient: -1.00000 -1.10069 1.21153 -1.33352 -1.46780 -1.61560 1.77828 1.95734 -2.15443 -2.37137 2.61016 -2.87298 -3.16228 3.48070 3.83119 4.21697 -4.64159 -5.10897 5.62341 6.18966 -6.81292 -7.49894 8.25404 9.08518 -10.00000 
Xopt: 5.00000 5.00000 -5.00000 5.00000 5.00000 5.00000 -5.00000 -5.00000 5.00000 5.00000 -5.00000 5.00000 5.00000 -5.00000 -5.00000 -5.00000 5.00000 5.00000 -5.00000 -5.00000 5.00000 5.00000 -5.00000 -5.00000 5.00000 
Fopt: -229.23
F(Xopt): -229.23
