Fitness: -420.00166683411726
Objective: 349.13166683411725
Individual: -3.39869 1.92447 -0.35317 3.81276 -0.53300 2.99711 -4.92051 0.24378 2.12133 0.03213 -2.87111 1.19672 2.11391 -0.29763 -2.49341 -4.83048 3.98572 -4.08536 -0.90974 2.96698 3.97662 -0.38232 3.12871 -3.73109 0.91828 
Gradient: -1.00000 -1.10069 1.21153 -1.33352 -1.46780 -1.61560 1.77828 -1.95734 2.15443 -2.37139 2.61016 -2.87298 3.16228 -3.48070 3.83119 4.21696 -4.64159 -5.10897 5.62341 -6.18966 -6.81292 7.49894 -8.25404 9.08518 10.00000 
Xopt: 5.00000 5.00000 -5.00000 5.00000 5.00000 5.00000 -5.00000 5.00000 -5.00000 5.00000 -5.00000 5.00000 -5.00000 5.00000 -5.00000 -5.00000 5.00000 5.00000 -5.00000 5.00000 5.00000 -5.00000 5.00000 -5.00000 -5.00000 
Fopt: 70.87
F(Xopt): 70.87
