Fitness: -585.9242870069617
Objective: 293.0842870069617
Individual: 2.14301 3.45002 2.76020 -1.11582 -2.23763 4.44028 0.95643 -0.95427 -2.13895 4.18322 -1.73467 -4.62298 -1.50456 1.75893 1.84381 -3.85208 -1.13899 1.73204 -1.10525 -2.66790 4.36364 3.67638 2.62278 1.27028 2.47669 
Gradient: -1.00000 -1.10069 -1.21153 -1.33352 1.46780 1.61560 -1.77828 -1.95734 2.15443 -2.37137 -2.61016 2.87299 -3.16228 -3.48070 -3.83119 4.21696 4.64159 -5.10897 5.62341 6.18966 -6.81292 -7.49894 -8.25404 -9.08518 -10.00000 
Xopt: 5.00000 5.00000 5.00000 5.00000 -5.00000 -5.00000 5.00000 5.00000 -5.00000 5.00000 5.00000 -5.00000 5.00000 5.00000 5.00000 -5.00000 -5.00000 5.00000 -5.00000 -5.00000 5.00000 5.00000 5.00000 5.00000 5.00000 
Fopt: 292.84
F(Xopt): 292.84
