Fitness: -253.02868380879858
Objective: 270.7686838087986
Individual: 2.99663 -4.35375 -4.05986 2.84633 1.68647 -4.70322 3.17593 1.96749 -4.07419 1.54709 -4.19600 -3.97589 2.30939 -2.71846 3.70833 -4.23986 -1.35707 -4.13369 0.00340 2.18100 -3.06930 -3.50238 -4.11854 1.52460 -3.14880 
Gradient: -1.00000 -1.10069 -1.21153 -1.33352 -1.46780 1.61560 -1.77828 -1.95734 2.15443 -2.37137 2.61016 2.87298 3.16228 3.48070 -3.83119 4.21696 4.64159 5.10897 5.62341 6.18966 6.81292 7.49894 8.25404 -9.08518 10.00000 
Xopt: 5.00000 5.00000 5.00000 5.00000 5.00000 -5.00000 5.00000 5.00000 -5.00000 5.00000 -5.00000 -5.00000 -5.00000 -5.00000 5.00000 -5.00000 -5.00000 -5.00000 -5.00000 -5.00000 -5.00000 -5.00000 -5.00000 5.00000 -5.00000 
Fopt: -17.74
F(Xopt): -17.74
