Fitness: -370.5048511069152
Objective: 283.7848511069152
Individual: -1.73552 2.75027 4.39761 0.12671 0.04114 -0.94488 1.18789 -0.56282 0.53145 2.30844 1.90555 -0.70412 -1.18272 2.89310 3.37323 3.10993 -2.04170 1.58987 -3.01381 3.44691 -3.30204 -4.37031 -0.86388 -4.15002 0.41246 
Gradient: -1.00000 -1.10069 -1.21153 1.33352 1.46781 -1.61560 -1.77828 -1.95734 2.15443 -2.37137 -2.61016 -2.87298 3.16228 -3.48070 -3.83119 -4.21697 4.64159 -5.10897 5.62341 -6.18966 6.81292 7.49894 8.25404 9.08518 -10.00000 
Xopt: 5.00000 5.00000 5.00000 -5.00000 -5.00000 5.00000 5.00000 5.00000 -5.00000 5.00000 5.00000 5.00000 -5.00000 5.00000 5.00000 5.00000 -5.00000 5.00000 -5.00000 5.00000 -5.00000 -5.00000 -5.00000 -5.00000 5.00000 
Fopt: 86.72
F(Xopt): 86.72
