Fitness: -13.895088080195308
Objective: 243.3350880801953
Individual: 2.88906 3.80197 3.30593 1.82265 3.23996 -2.51479 -0.91510 0.60569 -2.41521 1.68037 3.02372 -2.43704 4.07518 0.55204 -3.30993 0.81269 3.21544 -4.54473 -0.34846 4.98454 -4.44990 -2.84965 2.81849 -2.34115 3.89583 
Gradient: -1.00000 -1.10069 1.21153 -1.33352 -1.46780 1.61560 1.77828 -1.95734 2.15443 -2.37137 -2.61016 -2.87298 -3.16228 3.48070 3.83119 4.21696 -4.64159 5.10897 5.62341 -6.18966 6.81292 7.49894 -8.25404 9.08518 -10.00000 
Xopt: 5.00000 5.00000 -5.00000 5.00000 5.00000 -5.00000 -5.00000 5.00000 -5.00000 5.00000 5.00000 5.00000 5.00000 -5.00000 -5.00000 -5.00000 5.00000 -5.00000 -5.00000 5.00000 -5.00000 -5.00000 5.00000 -5.00000 5.00000 
Fopt: -229.44
F(Xopt): -229.44
