Fitness: -1306.8237508892087
Objective: 306.82375088920867
Individual: 4.45333 -4.85764 -4.16295 4.59666 -0.52913 0.69518 -3.96249 -3.52093 4.45665 3.30004 0.11380 -3.94805 0.06645 -3.96568 -3.09560 3.70457 -1.38415 4.41837 0.42000 0.93908 -1.75163 -4.07054 0.54966 3.78368 4.51524 
Gradient: -1.00000 1.10069 -1.21153 -1.33352 -1.46780 1.61560 1.77828 -1.95734 -2.15443 -2.37137 2.61016 2.87298 3.16227 3.48070 -3.83119 -4.21697 4.64159 -5.10897 5.62341 -6.18966 -6.81292 7.49894 -8.25404 -9.08518 -10.00000 
Xopt: 5.00000 -5.00000 5.00000 5.00000 5.00000 -5.00000 -5.00000 5.00000 5.00000 5.00000 -5.00000 -5.00000 -5.00000 -5.00000 5.00000 5.00000 -5.00000 5.00000 -5.00000 5.00000 5.00000 -5.00000 5.00000 5.00000 5.00000 
Fopt: 1000.0
F(Xopt): 1000.0
