Fitness: -342.667994431613
Objective: 269.26799443161303
Individual: 3.86718 -3.40883 4.43864 0.79741 -4.92727 0.83884 -4.92561 2.77222 -2.04355 1.43284 3.78836 0.94491 -2.16456 -4.86530 -1.66547 2.69601 4.71307 -4.29420 -4.17127 3.39622 4.85469 1.65457 -3.83146 1.47438 -0.68847 
Gradient: -1.00000 1.10069 1.21153 1.33352 1.46780 -1.61560 1.77828 -1.95734 2.15443 -2.37137 -2.61016 2.87299 -3.16228 3.48070 3.83119 -4.21696 -4.64159 5.10897 5.62341 -6.18966 -6.81292 7.49894 8.25404 -9.08518 10.00000 
Xopt: 5.00000 -5.00000 -5.00000 -5.00000 -5.00000 5.00000 -5.00000 5.00000 -5.00000 5.00000 5.00000 -5.00000 5.00000 -5.00000 -5.00000 5.00000 5.00000 -5.00000 -5.00000 5.00000 5.00000 -5.00000 -5.00000 5.00000 -5.00000 
Fopt: 73.4
F(Xopt): 73.4
