Fitness: -23.870420164840596
Objective: 23.870420164840596
Individual: -1.61095 -0.35364 -2.62213 -0.71433 0.98585 0.62788 -1.25769 -0.70481 1.94595 -1.59135 
Gradient: -17.38798 124.71850 -15.62693 -57.42732 -20.73225 -7.70011 -46.33332 77.08714 -6.11884 -27.11936 
Xopt: 2.50000 2.50000 2.50000 2.50000 -2.50000 -2.50000 2.50000 2.50000 -2.50000 2.50000 
Fopt: 0.0
F(Xopt): 138.83394290851018
