Fitness: -25.975641600299973
Objective: 25.975641600299973
Individual: -2.06718 -0.28641 -0.81080 1.21955 1.30012 -1.95470 -0.43913 -1.64101 2.32378 -0.63444 
Gradient: -30.56304 6.92523 82.34360 -20.43108 18.36024 13.71338 31.05968 -34.07333 -96.72210 -73.66562 
Xopt: 2.50000 2.50000 2.50000 -2.50000 -2.50000 2.50000 2.50000 2.50000 -2.50000 2.50000 
Fopt: 0.0
F(Xopt): 171.95295922406763
