Fitness: -36.31609426269054
Objective: 36.31609426269054
Individual: 0.35729 -0.27694 -1.65760 0.34983 0.68009 2.21659 -2.20617 -0.03692 -0.73043 1.58154 
Gradient: -130.73011 6.47514 51.75448 -0.68063 -25.82071 -14.34320 50.72228 26.03108 2.56931 -7.20406 
Xopt: 2.50000 2.50000 -2.50000 2.50000 2.50000 2.50000 -2.50000 2.50000 -2.50000 2.50000 
Fopt: 0.0
F(Xopt): 152.29110021808924
