Fitness: -29.029765058772334
Objective: 29.029765058772334
Individual: -2.94729 -1.26089 -0.55706 -0.65919 -1.16140 0.71986 -1.62636 -0.86556 0.40076 -1.01016 
Gradient: -22.29246 -97.72684 -13.02208 -33.76234 -59.12109 -183.90784 3.25932 -11.19297 27.91628 -10.32182 
Xopt: 2.50000 2.50000 2.50000 2.50000 2.50000 -2.50000 2.50000 2.50000 -2.50000 2.50000 
Fopt: 0.0
F(Xopt): 119.23790440008095
