Fitness: -19.872069076715146
Objective: 19.872069076715146
Individual: -1.37083 1.22013 2.72470 1.24993 0.76686 -0.71898 1.31524 -0.90532 0.75724 -1.62026 
Gradient: -22.01153 -10.37384 -23.08220 -76.84429 47.51665 5.85870 1.56331 -0.00065 19.75706 65.21947 
Xopt: 2.50000 -2.50000 -2.50000 -2.50000 -2.50000 2.50000 -2.50000 2.50000 -2.50000 2.50000 
Fopt: 0.0
F(Xopt): 173.9989261245597
