Fitness: -33.865719415210094
Objective: 33.865719415210094
Individual: -2.01295 -0.74003 -0.92357 -1.02169 -0.26944 1.73267 1.96550 -1.96974 -0.53478 -1.74380 
Gradient: 51.87614 29.58541 38.59118 -37.10104 -0.28339 -57.77757 -44.64328 2.05600 -61.77030 -0.88135 
Xopt: 2.50000 -2.50000 2.50000 2.50000 2.50000 -2.50000 -2.50000 2.50000 2.50000 2.50000 
Fopt: 0.0
F(Xopt): 157.53442532907826
