Fitness: -29.521959794794874
Objective: 29.521959794794874
Individual: -2.58810 0.01986 1.71891 1.18114 -0.98575 2.40564 -0.71578 -0.92450 -1.37219 -0.30995 
Gradient: -45.67482 23.74752 9.18704 -234.37142 25.06022 40.54069 -41.16816 105.97816 -0.00087 33.24295 
Xopt: 2.50000 -2.50000 -2.50000 -2.50000 2.50000 -2.50000 2.50000 2.50000 2.50000 2.50000 
Fopt: 0.0
F(Xopt): 189.7109524819009
