Fitness: -21.688127448736644
Objective: 21.688127448736644
Individual: -1.83048 -1.72654 1.32997 -0.54485 -1.34883 -1.32079 1.26003 0.45821 -1.56707 -2.02304 
Gradient: 16.00231 30.24997 -33.49554 -156.34242 25.57616 -0.00303 -18.86689 -83.04511 95.59519 -53.55976 
Xopt: 2.50000 2.50000 -2.50000 2.50000 2.50000 2.50000 -2.50000 -2.50000 2.50000 2.50000 
Fopt: 0.0
F(Xopt): 180.202761529575
