Fitness: -23.064318942479456
Objective: 23.064318942479456
Individual: -0.65198 -0.79460 2.02656 -0.88734 -1.64431 2.37249 0.79799 -0.92590 0.46768 -1.07392 
Gradient: 8.55822 -55.75557 0.47303 97.83389 24.56139 -63.26845 -29.50886 14.32158 -9.09497 -48.33351 
Xopt: 2.50000 2.50000 -2.50000 2.50000 2.50000 -2.50000 -2.50000 2.50000 -2.50000 2.50000 
Fopt: 0.0
F(Xopt): 149.6710339191418
