Fitness: -25.856641459684468
Objective: 25.856641459684468
Individual: -1.51733 1.95085 1.55226 -2.16758 1.05751 -0.04169 -0.78520 1.19657 -1.95009 -2.68066 
Gradient: -82.47786 -12.27156 -16.43136 43.14551 -97.53259 0.79702 23.96241 -46.84386 -95.11455 -10.89379 
Xopt: 2.50000 -2.50000 -2.50000 2.50000 -2.50000 2.50000 2.50000 -2.50000 2.50000 2.50000 
Fopt: 0.0
F(Xopt): 160.72108527560607
