Fitness: 101.72940338830641
Objective: 2.230596611693585
Individual: 1.44390 1.95821 4.49135 0.79760 -4.74440 -3.34231 0.88917 2.70507 -1.84633 1.12311 
Gradient: 0.12603 -0.04878 0.21568 0.19790 0.16419 0.08957 -0.06640 0.00699 -0.00001 0.03005 
Xopt: 1.84488 3.34971 3.34886 1.43646 -3.37290 -3.80149 1.59401 2.43950 -2.79014 3.39665 
Fopt: -103.96
F(Xopt): -103.96
