Fitness: 64.46084167571223
Objective: 0.9791583242877664
Individual: -0.95957 0.44200 -1.99820 3.39933 1.14715 2.13760 -3.62051 -0.41435 -0.76263 2.40990 
Gradient: -0.03788 -4.09236 -0.05946 -1.73652 -1.71687 -0.85924 0.45446 0.30501 -0.53363 1.24328 
Xopt: 1.84201 0.77513 -2.40163 2.46942 0.47384 1.73127 -3.89349 1.00026 -0.61375 3.26330 
Fopt: -65.44
F(Xopt): -65.44
