Fitness: -32.67418044087808
Objective: 1.6841804408780838
Individual: 0.38256 2.57621 3.04107 1.52510 2.65793 -0.74044 -0.24727 -0.03793 0.23874 3.45348 
Gradient: -0.19447 98.71181 -3.05559 25.67985 38.32902 -40.86262 11.76045 19.12382 -48.39039 72.20755 
Xopt: 1.84129 2.13149 2.16075 0.72766 3.43553 -0.88554 0.73464 0.64045 -0.06965 3.22997 
Fopt: 30.99
F(Xopt): 30.99
