Fitness: -31.702585550238304
Objective: 2.3825855502383035
Individual: 0.78569 4.02018 0.58946 -4.57782 -3.00316 -0.62084 3.21364 0.77757 -1.30663 4.62471 
Gradient: -28.19481 96.39760 -0.65502 -152.56339 42.95198 -5.52150 -123.32413 80.10839 -15.53314 72.50037 
Xopt: 1.84631 0.63700 2.22410 -3.08002 -1.29627 1.43213 0.33776 3.15911 -3.87834 3.46332 
Fopt: 29.32
F(Xopt): 29.32
