Fitness: -51.5591529021501
Objective: 1.8291529021501063
Individual: 1.94970 1.73459 -1.67921 1.33385 0.63835 -3.19694 -2.10010 2.31220 -0.64772 4.33547 
Gradient: 0.56149 1.56461 1.45235 0.73310 -1.67879 0.23607 -0.07256 -0.42847 -0.06976 -1.69464 
Xopt: 1.84559 1.99336 -1.21352 3.17822 1.66542 -1.18468 -3.03411 2.79930 -3.33424 3.42998 
Fopt: 49.73
F(Xopt): 49.73
