Fitness: -70.04413721055602
Objective: 2.6141372105560094
Individual: 1.94302 -0.20409 -0.20562 1.35403 1.66073 -2.89728 1.08169 0.22001 2.09735 2.63499 
Gradient: 0.74035 0.08077 -0.03122 0.02621 0.09377 1.67077 -0.18183 1.27042 -0.37633 0.08027 
Xopt: 1.84703 -0.71935 -2.33828 -1.33826 3.74205 -3.95106 3.70964 3.51892 3.57756 3.49666 
Fopt: 67.43
F(Xopt): 67.43
