Fitness: -65.27220596163362
Objective: 3.142205961633614
Individual: 4.08042 1.70336 -1.97319 4.28279 3.57894 1.81420 -0.21994 -1.12817 3.08206 2.22290 
Gradient: 0.72310 0.67532 0.00581 -0.89046 0.28676 -0.58229 -0.08251 -0.05093 0.32201 0.13245 
Xopt: 1.84918 3.21158 -0.02542 3.88702 2.85699 3.89937 -2.17474 -3.40165 1.94526 3.59667 
Fopt: 62.13
F(Xopt): 62.13
