Fitness: 138.0546406293919
Objective: 0.8153593706080926
Individual: 2.55407 -3.90995 -1.19816 -0.51202 -0.47910 0.01805 -0.79637 1.01048 -1.47090 3.13309 
Gradient: -0.90826 -0.55139 0.05228 1.62566 -0.96728 0.03284 -0.03186 0.16580 2.21347 0.27750 
Xopt: 1.84416 -3.29393 -0.08876 -0.30530 -0.41121 1.58170 -1.77786 2.07969 -2.24604 3.36331 
Fopt: -138.87
F(Xopt): -138.87
