Fitness: 9.928505756043501
Objective: 2.151494243956499
Individual: 0.88341 -2.41440 -3.70162 2.98438 -3.07643 -0.56199 2.60485 -3.53458 3.84143 2.73989 
Gradient: -0.00216 -0.07914 0.00917 -0.10710 0.05778 0.09766 0.09268 0.28900 -0.05830 -0.23240 
Xopt: 1.84846 -3.43206 -3.46304 2.14526 -2.18132 1.28256 2.45339 -3.76146 2.48936 3.56333 
Fopt: -12.08
F(Xopt): -12.08
