Fitness: -62.16533710402709
Objective: 1.5253371040270878
Individual: 1.27116 -1.85915 0.31681 -0.13529 0.81870 -1.20758 -0.59127 3.20779 2.34687 1.94543 
Gradient: 0.16037 0.44681 -0.27373 -0.07121 -0.70192 -0.01128 0.38896 -0.51511 0.00003 -0.36531 
Xopt: 1.84774 -2.07571 1.09934 0.40350 0.78036 -1.33425 -0.91849 3.87873 3.03346 3.52999 
Fopt: 60.64
F(Xopt): 60.64
