Fitness: 138.86895073432498
Objective: 0.0010492656750216156
Individual: 1.84411 -3.29391 -0.08876 -0.30530 -0.41120 1.58170 -1.77795 2.07970 -2.24604 3.36328 
Gradient: -0.00009 0.00021 -0.00001 -0.00000 0.00722 0.00037 -1.97988 0.76615 3.87527 -71.73061 
Xopt: 1.84416 -3.29393 -0.08876 -0.30530 -0.41121 1.58170 -1.77786 2.07969 -2.24604 3.36331 
Fopt: -138.87
F(Xopt): -138.87
