Fitness: -49.730024035793406
Objective: 2.4035793408927475E-5
Individual: 1.84547 1.99336 -1.21352 3.17822 1.66544 -1.18467 -3.03415 2.79932 -3.33424 3.42998 
Gradient: -0.00027 0.00002 -0.00004 0.00003 0.01918 0.03850 -0.96437 0.42741 -0.06579 0.35057 
Xopt: 1.84559 1.99336 -1.21352 3.17822 1.66542 -1.18468 -3.03411 2.79930 -3.33424 3.42998 
Fopt: 49.73
F(Xopt): 49.73
