Fitness: 12.036713196816443
Objective: 0.043286803183557154
Individual: 1.84847 -3.43212 -3.46304 2.14526 -2.18132 1.28256 2.45315 -3.76148 2.48936 3.56313 
Gradient: 0.00002 -0.00032 0.00003 0.00002 -0.00007 0.00024 -3.10802 -1.62974 0.04895 -319.87005 
Xopt: 1.84846 -3.43206 -3.46304 2.14526 -2.18132 1.28256 2.45339 -3.76146 2.48936 3.56333 
Fopt: -12.08
F(Xopt): -12.08
