Fitness: -29.320005941551987
Objective: 5.941551986410332E-6
Individual: 1.84631 0.63700 2.22410 -3.08002 -1.29627 1.43213 0.33776 3.15913 -3.87834 3.46332 
Gradient: 0.00000 0.00000 0.00005 -0.00003 -0.00007 0.00032 0.00031 1.21301 -0.07975 0.35125 
Xopt: 1.84631 0.63700 2.22410 -3.08002 -1.29627 1.43213 0.33776 3.15911 -3.87834 3.46332 
Fopt: 29.32
F(Xopt): 29.32
