Fitness: -60.64000513695334
Objective: 5.136953340922901E-6
Individual: 1.84737 -2.07587 1.09934 0.40339 0.78029 -1.33425 -0.91850 3.87873 3.03346 3.52999 
Gradient: -0.00093 -0.00171 0.00000 -0.02297 -0.06718 -0.00033 -0.27884 0.01722 0.07207 0.35330 
Xopt: 1.84774 -2.07571 1.09934 0.40350 0.78036 -1.33425 -0.91849 3.87873 3.03346 3.52999 
Fopt: 60.64
F(Xopt): 60.64
