Fitness: -62.1307108321141
Objective: 7.108321140947282E-4
Individual: 1.84918 3.21158 -0.02542 3.88702 2.85699 3.89938 -2.17474 -3.40177 1.94526 3.59667 
Gradient: 0.00000 0.00000 0.00002 0.00021 0.00014 0.03746 -0.00202 -13.08485 0.04551 0.35570 
Xopt: 1.84918 3.21158 -0.02542 3.88702 2.85699 3.89937 -2.17474 -3.40165 1.94526 3.59667 
Fopt: 62.13
F(Xopt): 62.13
