Fitness: 65.40281772694448
Objective: 0.03718227305552091
Individual: 1.84206 0.77513 -2.40163 2.46942 0.47352 1.73127 -3.89383 1.00050 -0.61375 3.26348 
Gradient: 0.00012 0.00000 -0.00015 0.00002 -0.42933 0.00041 -9.79040 19.44661 -0.01450 191.53344 
Xopt: 1.84201 0.77513 -2.40163 2.46942 0.47384 1.73127 -3.89349 1.00026 -0.61375 3.26330 
Fopt: -65.44
F(Xopt): -65.44
