Fitness: 103.95999562624161
Objective: 4.37375838657772E-6
Individual: 1.84481 3.34968 3.34897 1.43648 -3.37292 -3.80149 1.59401 2.43950 -2.79014 3.39665 
Gradient: -0.00013 -0.00019 0.00433 0.00374 -0.01719 -0.00072 0.00176 0.01048 -0.05449 4.84089 
Xopt: 1.84488 3.34971 3.34886 1.43646 -3.37290 -3.80149 1.59401 2.43950 -2.79014 3.39665 
Fopt: -103.96
F(Xopt): -103.96
