Fitness: -31.112234123656435
Objective: 0.12223412365643682
Individual: 1.84132 2.13151 2.16085 0.72766 3.43541 -0.88554 0.73464 0.64045 -0.06888 3.22997 
Gradient: 0.00007 0.00020 0.00358 0.00053 -0.12261 -0.00017 0.00075 0.05965 75.53782 0.34736 
Xopt: 1.84129 2.13149 2.16075 0.72766 3.43553 -0.88554 0.73464 0.64045 -0.06965 3.22997 
Fopt: 30.99
F(Xopt): 30.99
