Fitness: -67.4300543943307
Objective: 5.4394330689433446E-5
Individual: 1.84725 -0.71855 -2.33828 -1.33899 3.74210 -3.95106 3.70964 3.51892 3.57756 3.49666 
Gradient: 0.00039 0.00529 -0.00000 -0.13149 0.05631 -0.00088 0.00359 0.01638 0.07635 1.89964 
Xopt: 1.84703 -0.71935 -2.33828 -1.33826 3.74205 -3.95106 3.70964 3.51892 3.57756 3.49666 
Fopt: 67.43
F(Xopt): 67.43
