Fitness: 103.45742665961681
Objective: 0.5025733403831794
Individual: 2.26336 3.68617 3.13992 0.96348 -4.02210 -3.60378 1.55221 2.84964 -2.19262 3.86913 
Gradient: -67.85804 -21.69354 -57.84865 -19.89766 -4.19980 60.80571 -81.60623 16.47264 0.71439 -22.50012 
Xopt: 1.84488 3.34971 3.34886 1.43646 -3.37290 -3.80149 1.59401 2.43950 -2.79014 3.39665 
Fopt: -103.96
F(Xopt): -103.96
