Fitness: -67.85660136581672
Objective: 0.42660136581670827
Individual: 1.99072 -0.60872 -1.67509 -1.26153 2.83275 -4.07506 3.24997 2.97815 3.74163 3.78075 
Gradient: -74.72300 46.69107 7.89067 -15.81008 -0.64371 3.81959 25.15871 -13.18086 -57.96806 55.62977 
Xopt: 1.84703 -0.71935 -2.33828 -1.33826 3.74205 -3.95106 3.70964 3.51892 3.57756 3.49666 
Fopt: 67.43
F(Xopt): 67.43
