Fitness: 11.405260575204569
Objective: 0.6747394247954315
Individual: 1.74106 -3.40164 -3.82568 2.03034 -2.61220 1.58837 2.38171 -3.18444 3.70007 3.07379 
Gradient: -96.40059 -14.07435 -0.01053 -7.92514 -11.31029 -84.56542 -57.04026 -5.63647 -1.93450 -25.19525 
Xopt: 1.84846 -3.43206 -3.46304 2.14526 -2.18132 1.28256 2.45339 -3.76146 2.48936 3.56333 
Fopt: -12.08
F(Xopt): -12.08
