Fitness: -61.389598334793654
Objective: 0.749598334793653
Individual: 1.77693 -1.98483 1.16256 0.41212 0.75324 -1.31733 -0.92585 3.72792 3.07992 3.53728 
Gradient: 41.90453 27.68445 -108.42299 30.80366 3.46309 61.56217 -40.91600 -47.01805 -13.19103 8.43320 
Xopt: 1.84774 -2.07571 1.09934 0.40350 0.78036 -1.33425 -0.91849 3.87873 3.03346 3.52999 
Fopt: 60.64
F(Xopt): 60.64
