Fitness: -30.007086504590994
Objective: 0.6870865045909937
Individual: 2.95664 0.48641 2.52749 -2.90994 -1.64184 2.29303 -0.25887 2.65868 -2.93203 3.46562 
Gradient: -64.17144 -4.55665 38.15265 63.26689 -43.05416 9.76408 -47.41690 0.43303 -2.54277 -14.82009 
Xopt: 1.84631 0.63700 2.22410 -3.08002 -1.29627 1.43213 0.33776 3.15911 -3.87834 3.46332 
Fopt: 29.32
F(Xopt): 29.32
