Fitness: -31.598213618443
Objective: 0.6082136184430027
Individual: 1.50866 2.13851 1.92796 0.11089 3.56652 0.42055 1.12616 0.98253 -0.92552 3.42627 
Gradient: 1.36099 -27.70361 25.37490 -32.08180 -44.37080 -26.33833 0.00239 70.00821 -19.56169 -66.73529 
Xopt: 1.84129 2.13149 2.16075 0.72766 3.43553 -0.88554 0.73464 0.64045 -0.06965 3.22997 
Fopt: 30.99
F(Xopt): 30.99
