Fitness: -62.64719388788351
Objective: 0.5171938878835078
Individual: 2.02289 3.09224 -0.58691 3.53841 3.09971 3.61291 -2.43421 -3.05088 2.22823 3.86398 
Gradient: 34.18786 37.05653 6.76581 41.81954 12.77981 -53.37216 28.69172 75.27007 -23.46120 -49.88094 
Xopt: 1.84918 3.21158 -0.02542 3.88702 2.85699 3.89937 -2.17474 -3.40165 1.94526 3.59667 
Fopt: 62.13
F(Xopt): 62.13
