Fitness: 64.79295036425374
Objective: 0.6470496357462565
Individual: 2.00091 0.75832 -2.38820 2.43021 0.45807 1.94470 -3.76851 1.01561 -0.71395 3.25703 
Gradient: -37.75280 13.69542 -48.31927 0.00646 -85.53546 0.13701 38.85544 23.49018 -7.28149 -32.14005 
Xopt: 1.84201 0.77513 -2.40163 2.46942 0.47384 1.73127 -3.89349 1.00026 -0.61375 3.26330 
Fopt: -65.44
F(Xopt): -65.44
