Fitness: 138.4734678884353
Objective: 0.39653211156471
Individual: 0.34509 -3.45109 -1.66895 -1.26579 1.74068 2.77794 -2.13901 2.31396 -0.75359 3.76299 
Gradient: -39.04995 -76.15764 38.93238 -10.78168 -40.54439 53.03533 -25.51865 28.84198 -0.96294 -24.08370 
Xopt: 1.84416 -3.29393 -0.08876 -0.30530 -0.41121 1.58170 -1.77786 2.07969 -2.24604 3.36331 
Fopt: -138.87
F(Xopt): -138.87
