Fitness: -50.09675219632149
Objective: 0.36675219632149236
Individual: 1.87119 2.00468 -1.38348 2.90620 1.58743 -1.24880 -2.91714 2.75017 -3.11435 3.71341 
Gradient: -5.98041 64.46873 -24.21225 -36.07438 58.84924 32.08483 38.46726 43.76326 20.70510 -50.80778 
Xopt: 1.84559 1.99336 -1.21352 3.17822 1.66542 -1.18468 -3.03411 2.79930 -3.33424 3.42998 
Fopt: 49.73
F(Xopt): 49.73
