Fitness: -92.87875126892942
Objective: 6.48875126892942
Individual: -0.12749 -0.42932 0.57541 0.30088 -0.38826 -0.06280 0.51993 0.10576 0.51640 0.60004 
Gradient: 0.09299 -0.00001 -0.83687 1.68592 0.02995 -1.46208 0.68907 0.78539 0.16142 -2.04808 
Xopt: 0.00000 0.00000 0.00000 0.00000 0.00000 0.00000 0.00000 0.00000 0.00000 0.00000 
Fopt: 86.39
F(Xopt): 144.89
