Fitness: 49.095645910860675
Objective: 6.894354089139327
Individual: 0.12688 0.09035 -0.16368 -0.88953 -0.12826 -0.18531 0.05219 0.40376 -0.61222 -0.57984 
Gradient: 0.70226 4.20707 0.25201 -0.52855 0.11840 -0.00000 -0.57521 0.30417 -0.84851 -0.06135 
Xopt: 0.00000 0.00000 0.00000 0.00000 0.00000 0.00000 0.00000 0.00000 0.00000 0.00000 
Fopt: -55.99
F(Xopt): 2.509999999999998
