Fitness: -243.97909434115127
Objective: 6.339094341151281
Individual: 0.05486 -0.11402 0.25855 0.38900 -0.41805 0.85009 0.03104 0.66666 -0.10711 -0.25831 
Gradient: 0.84427 1.02905 1.11679 -1.62275 1.35022 0.29078 1.05721 -0.02577 1.78407 0.98457 
Xopt: 0.00000 0.00000 0.00000 0.00000 0.00000 0.00000 0.00000 0.00000 0.00000 0.00000 
Fopt: 237.64
F(Xopt): 296.14
