Fitness: -100.55328441211435
Objective: 7.963284412114348
Individual: 0.32696 -0.59354 0.72911 -0.47115 -0.17591 -0.40231 -0.05564 0.62665 -0.17654 0.44499 
Gradient: -0.66743 -0.05082 -0.80291 0.04837 0.48361 -0.98574 -1.85332 1.61264 0.30686 -0.00485 
Xopt: 0.00000 0.00000 0.00000 0.00000 0.00000 0.00000 0.00000 0.00000 0.00000 0.00000 
Fopt: 92.59
F(Xopt): 151.09
