Fitness: 44.273123514911774
Objective: 9.586876485088226
Individual: 0.15526 -0.37081 -0.23876 0.23597 0.36036 0.53395 -0.04668 1.18740 0.76579 -0.59153 
Gradient: -0.01863 -0.20943 -0.30311 -0.07022 0.25151 -0.24335 0.17045 0.05135 -0.08338 0.20269 
Xopt: 0.00000 0.00000 0.00000 0.00000 0.00000 0.00000 0.00000 0.00000 0.00000 0.00000 
Fopt: -53.86
F(Xopt): 4.640000000000001
