Fitness: -58.43416992282754
Objective: 3.354169922827545
Individual: -0.04738 0.29157 0.93490 0.08236 0.20734 -0.16670 -0.44586 -0.09844 -0.50112 0.06105 
Gradient: -0.76020 1.78919 0.53542 -0.00862 -1.32176 -0.10937 0.06137 -1.10704 1.85012 0.01195 
Xopt: 0.00000 0.00000 0.00000 0.00000 0.00000 0.00000 0.00000 0.00000 0.00000 0.00000 
Fopt: 55.08
F(Xopt): 113.58
