Fitness: -63.37775428203247
Objective: 5.7977542820324715
Individual: -0.21931 0.02146 0.77629 0.16886 -0.10769 -0.32153 -0.31049 -0.54098 -0.33654 -0.55966 
Gradient: -1.47042 -0.04083 2.27692 -0.29910 2.59874 0.87956 -0.00000 0.10439 0.80804 1.89433 
Xopt: 0.00000 0.00000 0.00000 0.00000 0.00000 0.00000 0.00000 0.00000 0.00000 0.00000 
Fopt: 57.58
F(Xopt): 116.08
