Fitness: 83.54277404473329
Objective: 5.477225955266704
Individual: -0.62527 0.16392 0.20263 -0.54309 -0.37542 0.21564 0.64711 0.03371 0.02667 0.51114 
Gradient: -5.13275 0.01475 1.70731 1.30580 -0.00001 0.43871 1.81713 -0.17060 0.00504 -0.73725 
Xopt: 0.00000 0.00000 0.00000 0.00000 0.00000 0.00000 0.00000 0.00000 0.00000 0.00000 
Fopt: -89.02
F(Xopt): -30.519999999999996
