Fitness: 247.16105309824007
Objective: 9.598946901759916
Individual: 0.11645 -0.33391 0.10053 0.83303 0.61872 -0.40615 0.16341 0.82659 -0.96046 0.05515 
Gradient: -0.10000 -0.01587 0.00247 -0.03433 0.14095 -0.02993 0.00000 0.11943 0.14081 -0.03381 
Xopt: 0.00000 0.00000 0.00000 0.00000 0.00000 0.00000 0.00000 0.00000 0.00000 0.00000 
Fopt: -256.76
F(Xopt): -198.26
