Fitness: -298.99095576821344
Objective: 9.150955768213464
Individual: -0.43516 -0.33697 0.28956 -0.15091 1.09447 -0.34846 0.23482 -0.54397 0.07259 -0.67122 
Gradient: 0.15177 1.11849 0.20329 -0.80042 -0.12450 -0.93253 -0.29217 -0.61792 0.51543 -0.32934 
Xopt: 0.00000 0.00000 0.00000 0.00000 0.00000 0.00000 0.00000 0.00000 0.00000 0.00000 
Fopt: 289.84
F(Xopt): 348.34
