Fitness: -49.73000002481185
Objective: 2.481185390479368E-8
Individual: 1.84558 1.99327 -1.21353 3.17827 1.66542 -1.18468 -3.03399 2.79932 -3.33424 3.42998 
Gradient: -0.00002 -0.00016 -0.00002 0.00011 -0.00000 -0.00000 0.00024 0.00003 -0.00000 0.00000 
Xopt: 1.84559 1.99336 -1.21352 3.17822 1.66542 -1.18468 -3.03411 2.79930 -3.33424 3.42998 
Fopt: 49.73
F(Xopt): 49.73
