Fitness: 65.43999995243522
Objective: 4.756478233503003E-8
Individual: 1.84201 0.77514 -2.40165 2.46942 0.47384 1.73107 -3.89349 1.00026 -0.61375 3.26321 
Gradient: -0.00001 0.00002 -0.00006 0.00000 0.00000 -0.00039 -0.00000 -0.00000 -0.00000 -0.00018 
Xopt: 1.84201 0.77513 -2.40163 2.46942 0.47384 1.73127 -3.89349 1.00026 -0.61375 3.26330 
Fopt: -65.44
F(Xopt): -65.44
