Fitness: -30.99000003066517
Objective: 3.066516995886559E-8
Individual: 1.84129 2.13152 2.16075 0.72766 3.43553 -0.88554 0.73464 0.64062 -0.06965 3.22997 
Gradient: -0.00000 0.00006 0.00000 0.00000 0.00000 -0.00000 0.00000 0.00035 -0.00000 0.00000 
Xopt: 1.84129 2.13149 2.16075 0.72766 3.43553 -0.88554 0.73464 0.64045 -0.06965 3.22997 
Fopt: 30.99
F(Xopt): 30.99
