Fitness: -29.338127393215416
Objective: 0.018127393215415566
Individual: 1.74881 0.59668 1.99225 -3.27276 -1.16880 1.48128 0.52978 3.13768 -4.11524 3.51473 
Gradient: -0.09095 0.10433 -0.10433 0.08923 -0.00165 0.07367 -0.01205 0.01669 -0.03440 0.30001 
Xopt: 1.84631 0.63700 2.22410 -3.08002 -1.29627 1.43213 0.33776 3.15911 -3.87834 3.46332 
Fopt: 29.32
F(Xopt): 29.32
