Fitness: 65.4267665546037
Objective: 0.013233445396295451
Individual: 2.02938 0.01997 -1.29770 3.08342 0.71856 0.22581 -4.06367 0.95267 -0.47207 4.99968 
Gradient: -0.05427 -0.05269 -0.00248 0.04687 0.31253 0.01270 -0.14762 0.03031 0.00455 -0.04683 
Xopt: 1.84201 0.77513 -2.40163 2.46942 0.47384 1.73127 -3.89349 1.00026 -0.61375 3.26330 
Fopt: -65.44
F(Xopt): -65.44
