Fitness: 103.95090958460011
Objective: 0.00909041539988209
Individual: 1.13814 4.75557 2.83373 0.50035 -3.50839 -2.96480 1.19806 4.68068 -1.31514 3.27503 
Gradient: -0.96820 -0.28786 0.01554 -0.30592 0.54384 0.27307 0.07423 0.10079 -0.51265 -0.57456 
Xopt: 1.84488 3.34971 3.34886 1.43646 -3.37290 -3.80149 1.59401 2.43950 -2.79014 3.39665 
Fopt: -103.96
F(Xopt): -103.96
