Fitness: -67.43967334584063
Objective: 0.009673345840624847
Individual: 2.19135 -0.82069 -2.36690 -1.41688 3.45568 -4.02996 3.83780 3.95726 3.71473 3.29555 
Gradient: 0.02612 -0.02181 -0.18529 0.15639 0.58464 -0.59630 -0.06759 0.29781 0.12311 0.06106 
Xopt: 1.84703 -0.71935 -2.33828 -1.33826 3.74205 -3.95106 3.70964 3.51892 3.57756 3.49666 
Fopt: 67.43
F(Xopt): 67.43
