Fitness: 138.86131258554778
Objective: 0.00868741445222554
Individual: 0.88699 -3.31746 -1.06104 -0.22283 1.72145 2.04346 -2.34046 2.87965 -0.91839 3.41275 
Gradient: -0.00536 0.12706 -0.02750 0.11454 0.18094 -0.07479 0.01817 -0.02806 -0.21179 0.00966 
Xopt: 1.84416 -3.29393 -0.08876 -0.30530 -0.41121 1.58170 -1.77786 2.07969 -2.24604 3.36331 
Fopt: -138.87
F(Xopt): -138.87
