Fitness: 12.067740826766824
Objective: 0.012259173233175602
Individual: 2.73491 -2.08317 -2.80215 1.94834 -1.22467 1.30099 2.37598 -3.29175 1.63482 4.99481 
Gradient: 0.01644 0.04042 -0.23724 -0.51125 0.02651 -0.30838 1.49167 -0.34493 0.01954 0.16455 
Xopt: 1.84846 -3.43206 -3.46304 2.14526 -2.18132 1.28256 2.45339 -3.76146 2.48936 3.56333 
Fopt: -12.08
F(Xopt): -12.08
