Fitness: -62.56463472293877
Objective: 0.4346347229387675
Individual: 1.55004 3.43824 -0.03356 5.00000 1.95023 1.01750 0.20484 -2.49428 -2.28136 0.55312 
Gradient: 3.64269 -5.69681 -4.89840 -6.86511 11.88352 -0.15595 11.73086 -1.07813 -1.15799 3.52103 
Xopt: 1.84918 3.21158 -0.02542 3.88702 2.85699 3.89937 -2.17474 -3.40165 1.94526 3.59667 
Fopt: 62.13
F(Xopt): 62.13
