Fitness: -60.64831247867358
Objective: 0.00831247867358087
Individual: 1.76140 -2.52008 1.73492 -0.23871 0.82673 -2.83127 -0.66830 2.48699 3.42114 3.07738 
Gradient: 0.65920 0.55353 0.28301 1.32851 0.89976 -0.55786 -1.00552 -1.05969 -1.32758 1.43591 
Xopt: 1.84774 -2.07571 1.09934 0.40350 0.78036 -1.33425 -0.91849 3.87873 3.03346 3.52999 
Fopt: 60.64
F(Xopt): 60.64
