Fitness: -30.99087579112188
Objective: 8.757911218815195E-4
Individual: 1.30561 -0.05416 2.22863 -0.22251 3.00885 -3.24041 -0.50855 0.78784 -1.30354 2.66029 
Gradient: 0.03791 0.02476 -0.02589 -0.01397 0.03239 0.00949 -0.13800 -0.01565 -0.05257 0.24700 
Xopt: 1.84129 2.13149 2.16075 0.72766 3.43553 -0.88554 0.73464 0.64045 -0.06965 3.22997 
Fopt: 30.99
F(Xopt): 30.99
