Fitness: -49.74561671882758
Objective: 0.0156167188275802
Individual: 0.30400 2.22926 -0.51176 3.89144 1.93222 -1.05767 -2.67228 2.86726 -3.50528 2.21066 
Gradient: -0.02697 0.10698 -0.08276 -0.21136 0.01616 -0.11241 0.11894 0.03873 -0.02390 -0.11784 
Xopt: 1.84559 1.99336 -1.21352 3.17822 1.66542 -1.18468 -3.03411 2.79930 -3.33424 3.42998 
Fopt: 49.73
F(Xopt): 49.73
