Fitness: 197.46266310989643
Objective: 31.767336890103564
Individual: -2.78429 2.42059 3.57761 2.52895 1.34558 -0.53925 -2.39061 3.17404 2.37482 3.59552 -2.11465 -0.78272 2.41915 -4.04778 -0.60509 -2.40563 3.91345 -0.61838 2.41924 1.66422 1.45586 -0.03390 1.22380 0.23525 -2.28858 
Gradient: -20.12575 -12.53960 95.68781 56.18281 30.05284 65.72849 12.37818 -18.18138 -19.83189 -8.74948 20.38403 22.89255 15.53615 47.74906 -23.81178 26.89014 0.13323 -3.24606 -23.55148 -14.02707 2.87276 -4.11919 22.13656 -3.40727 3.21319 
Xopt: 1.84918 3.21158 -0.02542 3.88702 2.85699 3.89937 -2.17474 -3.40165 1.94526 3.59667 -3.75589 1.53324 2.81353 -3.54602 -0.73372 -1.18089 3.94949 0.49556 -0.19212 -3.60471 0.65818 2.80994 -2.17061 -2.77451 3.71138 
Fopt: -229.23
F(Xopt): -229.23
