Fitness: -1039.2381693664718
Objective: 39.238169366471766
Individual: 0.10356 0.99719 -1.09427 -0.48307 -1.64922 0.49322 2.20002 3.05549 0.09537 1.17727 -0.80952 1.07945 1.83377 -0.11554 -0.04538 1.53132 -1.90548 1.29536 1.31823 0.91372 0.56294 -1.75171 0.78446 0.46756 0.09548 
Gradient: -12.09796 5.18298 -26.74826 14.24173 -26.44720 -10.57250 16.49609 -8.62752 -0.84225 20.79700 -10.30024 0.54308 6.95550 6.71088 4.73179 -25.28122 -7.12912 9.08637 9.71557 7.73039 -2.03002 6.55367 6.65598 -6.44765 -4.40781 
Xopt: 1.84774 -2.07571 1.09934 0.40350 0.78036 -1.33425 -0.91849 3.87873 3.03346 3.52999 -1.80037 -2.96882 -2.82719 -3.81410 0.37392 3.71589 -3.16407 1.00117 -0.71363 2.21050 3.92578 -0.10214 1.96993 1.86522 2.53838 
Fopt: 1000.0
F(Xopt): 1000.0
