Fitness: -97.88610830603216
Objective: 27.01610830603215
Individual: -0.81662 0.11876 -1.77915 2.75177 0.83661 -2.87375 -0.43922 -2.32405 0.10227 0.02889 0.05906 0.20802 -2.04492 1.82240 -2.00851 -1.37325 1.73570 -0.55378 -1.25122 0.38985 3.31549 -3.34886 -1.23228 -1.08803 2.18472 
Gradient: -8.30988 1.25564 2.66692 -1.48487 7.81614 -2.98685 -11.32115 -2.21005 2.95998 -16.53839 -0.61441 18.82592 -7.28780 -1.48589 19.26082 0.98328 -8.79526 -14.56708 -3.64062 -10.32469 -19.44970 0.55806 14.04121 0.01338 7.02171 
Xopt: 1.84201 0.77513 -2.40163 2.46942 0.47384 1.73127 -3.89349 1.00026 -0.61375 3.26330 -1.97827 3.02291 -1.39004 3.11362 -3.19553 -0.69697 0.38165 3.02360 -2.79966 1.47132 0.99620 -3.75046 2.53209 -3.57587 -2.15363 
Fopt: 70.87
F(Xopt): 70.87
