Fitness: -337.35268623868035
Objective: 44.512686238680374
Individual: -4.94577 3.39272 -2.08774 1.12721 1.54492 -1.96332 0.29748 4.55862 -2.82930 2.16234 2.09617 4.53087 2.46774 1.64841 2.54893 -3.48488 -2.31340 -0.66657 0.30029 2.21954 1.17394 0.00362 -1.25606 1.92613 1.88181 
Gradient: 13.72900 0.53146 20.65138 12.39756 10.06092 -15.90405 30.13048 -2.06839 -16.04494 -5.39489 0.14030 15.42313 -26.82640 1.83981 21.97809 5.87023 -27.03315 -27.58707 -29.43679 -29.39873 -29.58526 34.75158 33.09772 -8.00926 -11.62879 
Xopt: 1.84488 3.34971 3.34886 1.43646 -3.37290 -3.80149 1.59401 2.43950 -2.79014 3.39665 2.11068 -3.97295 1.89139 3.64976 2.58919 -2.49054 -1.39121 2.01239 -1.75664 -2.15909 2.46099 2.07370 2.25101 3.14468 0.19237 
Fopt: 292.84
F(Xopt): 292.84
