Fitness: 181.88640207171838
Objective: 47.55359792828162
Individual: 4.76182 4.02855 2.64378 -3.24118 2.82151 -2.03308 -0.32672 -3.57049 2.55041 -1.18254 2.12553 -3.18197 -1.72137 -1.61296 -1.84523 -1.62628 -0.51672 -1.67940 0.08281 -2.62520 1.73623 -0.23076 -2.06041 -1.23763 1.47382 
Gradient: -3.54490 17.33498 18.43819 -28.12048 37.68156 14.81503 -11.87774 10.44177 -5.60921 -5.60644 2.14988 12.69994 14.95705 -63.88809 43.39729 -7.92419 -17.39858 14.20103 -19.21058 10.61778 -16.88551 -20.74864 30.33524 54.05496 3.37778 
Xopt: 1.84559 1.99336 -1.21352 3.17822 1.66542 -1.18468 -3.03411 2.79930 -3.33424 3.42998 1.13292 2.27808 0.71174 -0.21620 -1.96463 -0.93893 2.16557 -2.24042 -1.49589 2.93331 -3.17281 -0.47026 0.18074 -3.17519 0.77887 
Fopt: -229.44
F(Xopt): -229.44
