Fitness: -87.46999121665999
Objective: 37.57999121665999
Individual: 3.21618 -2.50163 -0.76423 -0.57870 0.40890 1.38113 -0.40533 -1.40348 -1.47038 0.28835 0.24176 3.39197 2.85896 0.85503 2.63969 0.81221 2.73425 -1.43467 -1.96889 -0.89484 -0.31364 -2.37917 0.88651 1.97157 1.14384 
Gradient: -15.95196 -21.24891 -41.79628 3.57549 5.88296 9.23833 0.06558 6.77981 26.82936 -44.60442 -24.61032 9.37990 34.21529 -15.48098 5.90615 -1.71558 17.50677 -18.23762 -20.75855 18.55072 -32.56113 23.08912 4.80291 -2.57189 2.15485 
Xopt: 1.84846 -3.43206 -3.46304 2.14526 -2.18132 1.28256 2.45339 -3.76146 2.48936 3.56333 -2.77813 3.28221 3.99317 0.31994 3.82010 -2.73250 0.39271 -3.25163 -0.45288 -0.69710 -1.70802 -2.64610 -0.10034 3.54535 3.12488 
Fopt: 49.89
F(Xopt): 49.89
