Fitness: -1028.1327519974639
Objective: 28.132751997463856
Individual: 0.14721 -3.25158 -1.21489 3.12481 0.21536 0.04392 2.98994 3.13411 3.99285 4.71452 0.67826 -0.17675 1.11413 1.86192 -1.01796 1.79713 -1.35815 -3.57577 -1.58534 4.17207 -1.88122 -0.22968 -3.99735 0.13816 3.80159 
Gradient: -6.23493 -2.13803 8.26190 1.46606 0.62881 -5.25660 2.60900 0.56117 12.20080 0.17912 -13.36002 4.74030 -9.95568 3.24465 -5.87693 0.52745 -5.17014 0.08958 -35.99711 -13.30081 -13.30570 -2.90986 -12.56981 3.63387 -12.59701 
Xopt: 1.84703 -0.71935 -2.33828 -1.33826 3.74205 -3.95106 3.70964 3.51892 3.57756 3.49666 -0.82261 -1.21986 -1.64754 0.05187 -3.07226 2.16429 1.27914 -2.74602 -0.97438 -2.88190 1.55958 2.44182 -3.95980 0.18508 1.95188 
Fopt: 1000.0
F(Xopt): 1000.0
