Fitness: -114.33607716511946
Objective: 27.616077165119464
Individual: 1.79434 1.03501 1.96101 0.01947 0.99151 0.78002 1.18114 -4.26123 -2.32487 1.29759 -2.71651 1.60432 0.63819 -0.75562 -1.37795 -0.58491 -0.87438 -0.32213 -2.36233 2.07791 -0.12723 -1.02747 -0.38053 -1.45372 0.17057 
Gradient: 15.31977 6.40120 14.51765 -1.13888 11.56732 -19.54306 -4.96318 -5.95382 14.06209 -8.85272 17.76024 -17.29432 -3.52118 -20.10543 -19.56428 4.41353 17.06319 -15.74228 -5.27864 -22.79824 -5.61711 8.02914 -6.29690 -3.31847 0.76755 
Xopt: 1.84631 0.63700 2.22410 -3.08002 -1.29627 1.43213 0.33776 3.15911 -3.87834 3.46332 0.15516 0.52911 -0.46790 3.91783 1.48156 0.61268 -2.27764 1.50678 -1.23514 0.02570 -0.80661 -3.01422 -1.88953 -1.49505 1.36537 
Fopt: 86.72
F(Xopt): 86.72
