Fitness: -0.110308837423716
Objective: 17.850308837423714
Individual: -0.37223 1.30074 -0.00097 3.85820 1.53582 -2.40489 -1.62793 -0.54391 -0.33429 1.10340 -1.62864 -1.46716 -1.51157 -0.00922 2.00137 -2.34176 -2.26878 -0.04838 -3.05483 -4.12370 -3.28620 -0.14917 -0.83883 2.22132 -3.99638 
Gradient: -1.48772 18.70741 -18.30756 -9.97522 6.20222 3.47371 -7.68315 -4.04870 -12.46565 0.22792 -2.17341 -5.42049 -17.70656 -22.28366 11.17697 8.81790 0.50137 -7.01087 -8.67068 -12.72691 -2.75654 2.31264 -23.70376 -4.33105 12.02025 
Xopt: 1.84129 2.13149 2.16075 0.72766 3.43553 -0.88554 0.73464 0.64045 -0.06965 3.22997 -1.00050 -3.22812 -0.21040 -1.02042 1.35829 -2.24858 -3.17513 -0.72359 -3.06041 -3.62107 -1.37000 -1.20650 -3.39764 2.74400 -2.74013 
Fopt: -17.74
F(Xopt): -17.74
