Fitness: -102.51704519586255
Objective: 29.117045195862545
Individual: 0.65169 -1.50777 -1.10663 3.29159 -0.60127 1.47610 -0.98159 -1.69004 -2.60324 1.45700 0.35974 0.82580 1.77597 -2.21915 -0.98367 -0.08217 1.95704 0.22500 -1.61955 0.98090 2.86267 -1.74605 0.04053 -0.57903 -0.57212 
Gradient: -5.49074 -3.02509 16.29041 -12.81812 -10.64663 1.61662 1.71361 -2.32685 5.60316 -12.45923 -0.24948 -6.17881 5.37769 12.04998 -4.46826 7.95893 10.54153 -7.70276 -17.36927 1.26908 -2.66473 -4.45386 -8.44751 3.04998 13.36177 
Xopt: 1.84416 -3.29393 -0.08876 -0.30530 -0.41121 1.58170 -1.77786 2.07969 -2.24604 3.36331 3.08845 -2.22399 3.07103 -0.48428 -0.85699 3.95786 3.05201 -1.73481 -2.01740 0.74851 0.09479 -3.38234 -3.67872 1.46454 -0.39413 
Fopt: 73.4
F(Xopt): 73.4
