Fitness: -84.04218533799197
Objective: 26.46218533799197
Individual: -1.90961 -5.00000 -3.51843 -4.82021 -5.00000 -5.00000 -5.00000 -5.00000 -4.55600 -3.15615 
Gradient: -0.00029 0.44136 0.02876 0.02104 8.81357 1.47980 1.37659 7.05777 0.00962 0.02583 
Xopt: -4.43952 -7.94667 -6.45833 -6.79354 -6.32663 -4.19499 -6.00485 -7.84486 -4.80136 -6.49801 
Fopt: 57.58
F(Xopt): 84.71331895343154
