Fitness: 34.32906733890161
Objective: 19.53093266109839
Individual: -4.39066 -5.00000 -5.00000 -5.00000 -4.12735 -5.00000 -4.09557 -5.00000 -5.00000 -5.00000 
Gradient: 0.00046 2.05789 2.10231 0.56132 -0.00000 2.73516 0.00001 1.26263 0.31235 1.74510 
Xopt: -6.36660 -7.28409 -5.22967 -7.22440 -6.48261 -5.02970 -6.95125 -6.45698 -6.10643 -5.79094 
Fopt: -53.86
F(Xopt): -31.795672880947713
