Fitness: 238.14851742137697
Objective: 18.611482578623026
Individual: -4.95985 -3.07710 -5.00000 -4.94603 -5.00000 -5.00000 -1.42305 -1.63919 -5.00000 -4.19325 
Gradient: 0.01584 -0.00063 3.29626 0.00238 7.54332 2.98944 0.01297 0.00750 2.29913 -0.01012 
Xopt: -7.04357 -6.21927 -7.47911 -7.06210 -5.37567 -5.71108 -5.77613 -6.99881 -4.31888 -5.10500 
Fopt: -256.76
F(Xopt): -235.44346996653562
