Fitness: -114.66357847076335
Objective: 22.07357847076335
Individual: -5.00000 -1.56667 -4.94678 -5.00000 -3.93439 -5.00000 -2.54259 -3.94962 -5.00000 -3.07259 
Gradient: 3.92901 -0.06664 0.04210 6.46576 -0.05764 5.37481 0.03969 0.01268 10.87328 -0.03460 
Xopt: -4.65084 -6.14314 -7.03311 -4.45242 -4.85139 -7.80724 -6.92901 -4.40660 -7.82137 -6.77866 
Fopt: 92.59
F(Xopt): 120.75572807792227
