Fitness: -73.84957133019243
Objective: 18.769571330192434
Individual: -5.00000 -4.31683 -4.71504 -4.72469 -3.78621 -5.00000 -5.00000 -4.85653 -5.00000 -5.00000 
Gradient: 3.63116 0.00014 0.00098 -0.00063 0.00030 0.60856 1.48989 0.00005 1.19193 1.44521 
Xopt: -4.16600 -7.09390 -7.83167 -6.16580 -6.30825 -7.73069 -7.83045 -4.08115 -7.62882 -5.64501 
Fopt: 55.08
F(Xopt): 93.34825821138469
