Fitness: -115.11887769657758
Objective: 28.728877696577584
Individual: -5.00000 -2.88111 -4.99605 -5.00000 -5.00000 -5.00000 -3.47851 -5.00000 -4.45552 -4.42227 
Gradient: 1.67140 -0.00133 0.00052 2.63232 1.65723 5.17120 -0.00052 1.83717 0.00065 0.00019 
Xopt: -6.55240 -4.04108 -7.69786 -6.68766 -5.70885 -7.00095 -4.01525 -5.22059 -6.99377 -6.01811 
Fopt: 86.39
F(Xopt): 108.49318758464422
