Fitness: 60.62608535783675
Objective: 28.393914642163246
Individual: -4.58290 1.39400 -5.00000 -5.00000 -5.00000 -5.00000 0.16597 -0.84410 -3.27965 -4.77169 
Gradient: 0.09122 -0.01277 7.33444 1.84055 1.45897 2.50873 0.00027 0.09086 0.05882 0.00024 
Xopt: -7.62932 -5.15749 -6.26343 -4.72261 -5.58192 -5.31102 -6.19973 -6.62176 -6.92242 -5.01941 
Fopt: -89.02
F(Xopt): -72.28472321163213
