Fitness: 18.673464025154423
Objective: 37.31653597484558
Individual: -4.91250 -5.00000 -3.67685 -5.00000 -4.32211 -3.72559 -5.00000 -4.58890 -2.82413 -5.00000 
Gradient: 0.03236 3.56867 0.04303 12.41692 0.06814 0.01059 1.21831 -0.00194 0.01354 6.95610 
Xopt: -5.74249 -4.99988 -6.16706 -5.16279 -5.94290 -6.52450 -7.43223 -4.21368 -5.07848 -6.71763 
Fopt: -55.99
F(Xopt): -41.964855054665
