Fitness: -295.77373803366606
Objective: 5.9337380336660885
Individual: -4.01218 -5.00000 -4.52590 -3.24704 -5.00000 -4.70900 -5.00000 -5.00000 -4.31486 -5.00000 
Gradient: -0.00082 3.69331 0.00919 -0.00335 2.01161 -0.00823 3.25418 3.26372 0.02098 0.10450 
Xopt: -7.23866 -4.69452 -7.86327 -6.68448 -5.16594 -6.33315 -4.76772 -4.49908 -4.78092 -4.11944 
Fopt: 289.84
F(Xopt): 307.6922066260282
