Fitness: -265.94729250336485
Objective: 28.307292503364863
Individual: -3.33016 -2.83350 -3.16202 -5.00000 -0.36917 -5.00000 -5.00000 -5.00000 -5.00000 -2.32636 
Gradient: 0.17857 -0.23633 0.13984 6.77196 -0.00074 1.53403 1.15638 2.04388 4.94474 0.04584 
Xopt: -6.16824 -4.41871 -7.90758 -6.06559 -6.71726 -5.50068 -7.55320 -6.20614 -5.73106 -4.14470 
Fopt: 237.64
F(Xopt): 260.30202627022675
