Fitness: 3.4585067243895082
Objective: 52.531493275610494
Individual: -4.04284 -4.88950 -5.00000 -5.00000 -4.34037 -4.96942 -5.00000 -5.00000 -3.81957 -4.38452 
Gradient: -0.00049 0.00026 8.09288 4.77665 0.00054 -0.00084 2.89907 11.65435 -0.00152 0.00330 
Xopt: -5.88589 -4.50057 -4.76365 -6.55871 -4.89287 -4.14403 -7.04447 -4.93411 -4.02536 -5.35913 
Fopt: -55.99
F(Xopt): -48.46680208564544
