Fitness: -87.12778267521495
Objective: 0.7377826752149446
Individual: -5.00000 -5.00000 -4.54087 -5.00000 -5.00000 -5.00000 -5.00000 -2.84554 -5.00000 -4.42653 
Gradient: 0.37605 1.41647 0.00811 0.26391 0.59125 0.39300 0.74669 -0.00000 0.25846 -0.00046 
Xopt: -4.37831 -5.55851 -4.83428 -4.40834 -7.35546 -4.53652 -5.75649 -4.32050 -6.22787 -5.19749 
Fopt: 86.39
F(Xopt): 94.36906931658103
