Fitness: -94.25607453381804
Objective: 36.67607453381804
Individual: -5.00000 -5.00000 -4.66359 -4.78530 -5.00000 -4.28723 -4.43473 -5.00000 -4.87462 -5.00000 
Gradient: 2.83831 1.87119 -0.00000 0.00002 3.14552 0.00002 0.00028 11.38003 0.00009 2.50835 
Xopt: -6.75044 -7.69952 -6.36475 -7.00436 -7.51733 -5.98954 -5.90086 -7.93564 -5.75590 -5.02140 
Fopt: 57.58
F(Xopt): 91.1289877318683
