Fitness: -283.330149907605
Objective: 45.69014990760502
Individual: -5.00000 -5.00000 -5.00000 -5.00000 -4.01915 -4.25584 -3.27348 -4.62354 -4.51157 -4.86967 
Gradient: 19.18491 24.74230 4.18491 23.09093 -0.00151 -0.00078 0.00276 0.00648 0.00079 -0.00016 
Xopt: -5.97083 -7.24541 -6.43617 -6.23583 -6.47464 -4.80856 -4.84893 -4.34226 -4.27771 -7.63592 
Fopt: 237.64
F(Xopt): 256.33688573685396
