Fitness: 9.835720737073785
Objective: 44.024279262926214
Individual: -5.00000 -5.00000 -5.00000 -3.28745 -3.23688 -4.21874 -5.00000 -4.54090 -5.00000 -3.39371 
Gradient: 19.95312 14.81447 3.17372 -0.00075 0.00013 0.00060 2.63512 0.00041 12.69866 -0.00000 
Xopt: -6.62623 -6.28439 -4.78532 -5.03006 -5.34166 -6.05900 -4.98077 -7.74757 -4.57798 -7.53050 
Fopt: -53.86
F(Xopt): -34.37398270364769
