Fitness: -96.58223747979464
Objective: 41.502237479794644
Individual: -3.14157 -5.00000 -5.00000 -3.83420 -5.00000 -3.24857 -4.18728 -3.96368 -5.00000 -5.00000 
Gradient: 0.25088 7.61486 4.23627 0.27240 6.57961 -0.03451 0.03556 0.39804 3.43923 2.89662 
Xopt: -5.58282 -7.44675 -6.65205 -5.11031 -7.30260 -4.86766 -4.91610 -7.84354 -7.59875 -7.81363 
Fopt: 55.08
F(Xopt): 92.20539265725336
