Fitness: 69.66140649457188
Objective: 19.358593505428118
Individual: -5.00000 -5.00000 -4.95088 -5.00000 -3.91533 -5.00000 -5.00000 -5.00000 -4.70504 -5.00000 
Gradient: 4.00682 1.97092 -0.00381 1.75027 -0.00000 0.20537 0.86091 5.33513 0.00346 1.37828 
Xopt: -4.96612 -7.81365 -7.65573 -4.43111 -5.86144 -7.65743 -5.87459 -7.70644 -7.29292 -4.46609 
Fopt: -89.02
F(Xopt): -52.89926870536945
