Fitness: -332.362480631296
Objective: 42.52248063129605
Individual: -4.40946 -4.15367 -4.59319 -5.00000 -5.00000 -4.02337 -5.00000 -4.00570 -3.42837 -2.64778 
Gradient: 0.00391 0.07359 -0.00156 7.76510 2.04492 0.06004 1.97392 0.03914 0.04356 0.00089 
Xopt: -6.71923 -6.70543 -7.28326 -7.29775 -7.74110 -6.60473 -5.33560 -6.76532 -7.05266 -4.30886 
Fopt: 289.84
F(Xopt): 323.72833421243956
