Fitness: -122.72722872256415
Objective: 30.137228722564146
Individual: -5.00000 -5.00000 -4.07583 -5.00000 -5.00000 -4.60779 -4.90749 -2.11680 -2.38631 -5.00000 
Gradient: 1.73274 2.67297 -0.00202 0.83748 5.52151 0.00340 -0.00150 0.01740 0.01653 6.67714 
Xopt: -7.63934 -6.08953 -4.43676 -7.39485 -4.86653 -5.11944 -6.54391 -7.33964 -5.15754 -5.70368 
Fopt: 92.59
F(Xopt): 114.87027274670875
