Fitness: 228.6596838617014
Objective: 28.10031613829858
Individual: -5.00000 -5.00000 -4.25017 -5.00000 -5.00000 -5.00000 -5.00000 -5.00000 -5.00000 -4.37541 
Gradient: 3.95106 1.63683 -0.00026 1.84951 1.28138 6.31825 2.12250 1.06471 2.75713 0.00046 
Xopt: -6.77407 -4.47761 -5.47839 -4.28443 -7.21324 -4.98142 -7.36948 -7.83129 -6.48551 -4.85356 
Fopt: -256.76
F(Xopt): -232.64804119146802
