Fitness: -5599.685562894711
Objective: 5542.1055628947115
Individual: -3.17443 3.74617 2.81663 -2.44763 -2.26058 0.16072 3.12810 -2.10408 -1.40808 -0.77387 0.00175 0.89436 0.32238 0.41066 -0.55214 0.62484 -0.66139 -2.63855 0.21813 0.62486 -0.35361 -1.17414 0.83512 -1.46984 0.64556 
Gradient: -876.08657 1534.89502 635.34782 -413.52745 0.57588 -56.72305 -30.43323 -1036.83994 28.84651 -117.33423 -462.56580 2227.66214 1941.72446 2535.22324 -2858.93482 1.00356 1.15446 -1.83732 -125.12229 -985.38923 1947.76578 1.04322 0.84253 325.74138 -1297.28466 
Xopt: -2.10484 2.10484 2.10484 2.10484 -2.10484 -2.10484 2.10484 2.10484 -2.10484 2.10484 2.10484 -2.10484 -2.10484 -2.10484 2.10484 2.10484 -2.10484 -2.10484 2.10484 2.10484 -2.10484 -2.10484 2.10484 -2.10484 2.10484 
Fopt: 57.58
F(Xopt): 57.58
