Fitness: -7696.751766294393
Objective: 7752.741766294393
Individual: 3.38393 -3.91072 1.18824 3.93755 -0.12515 -1.50189 -0.96215 0.36713 2.03554 0.69900 3.73335 -1.16536 -0.90535 1.60050 -1.52505 -1.51503 0.65083 2.21426 3.09529 0.25382 -1.77900 2.77937 -0.62531 -1.15384 -0.77069 
Gradient: 695.11047 -51.04141 -177.69798 710.65248 155.30527 -620.08529 0.11752 -0.34371 0.94725 -357.34899 1426.48037 -1.17214 -0.71164 -1075.55819 -4302.93204 710.70251 2841.50172 956.03404 3506.04786 1290.81341 -672.99209 2693.32538 2.10560 233.82332 926.71860 
Xopt: -2.10484 -2.10484 -2.10484 2.10484 -2.10484 2.10484 -2.10484 2.10484 2.10484 -2.10484 2.10484 -2.10484 -2.10484 2.10484 2.10484 -2.10484 -2.10484 2.10484 2.10484 -2.10484 -2.10484 2.10484 -2.10484 -2.10484 -2.10484 
Fopt: -55.99
F(Xopt): -55.99
