Fitness: -6947.754353930776
Objective: 6657.914353930776
Individual: 2.21887 0.64540 1.59065 -1.37159 2.95874 -2.52421 -1.75539 0.63605 -0.07716 0.72178 0.17524 -1.33980 0.24720 3.08033 -0.56368 -0.63800 0.02060 -0.12316 -3.43416 -0.07005 -2.55785 -1.15695 1.82264 -2.20516 -1.43917 
Gradient: 0.32730 48.71411 303.26069 -441.05014 -256.33926 -1024.95323 -0.23748 0.06360 -0.87801 -0.68974 745.92288 -3066.20855 -118.73854 831.88783 746.00163 -3611.73408 3236.79431 -2267.11964 -2727.39964 0.08414 1.52112 0.54390 0.39543 -1.19976 -0.52507 
Xopt: 2.10484 -2.10484 -2.10484 2.10484 2.10484 2.10484 -2.10484 2.10484 2.10484 2.10484 -2.10484 2.10484 2.10484 2.10484 -2.10484 2.10484 -2.10484 2.10484 -2.10484 -2.10484 -2.10484 -2.10484 2.10484 -2.10484 -2.10484 
Fopt: 289.84
F(Xopt): 289.84
