Fitness: -4831.711205966885
Objective: 4885.571205966885
Individual: 3.63754 3.27371 -1.68992 -1.92876 0.52478 -0.60566 -0.71055 1.79570 -1.46344 1.76218 0.82186 -1.32663 1.12722 1.48579 1.42941 0.48047 -1.96067 -0.53689 -1.66207 -0.78272 -0.50367 0.86325 1.30500 0.95612 1.33750 
Gradient: 910.02050 -0.93372 40.33763 -159.14738 0.02731 0.07013 0.15021 -0.30892 -0.40900 0.93700 -594.49132 -2378.37594 -951.18258 3808.39274 -432.03979 1726.61365 -0.59675 0.06276 -0.17376 228.07647 913.79476 2.53991 0.35945 -1.08863 1.97703 
Xopt: -2.10484 2.10484 -2.10484 2.10484 2.10484 -2.10484 2.10484 2.10484 -2.10484 2.10484 2.10484 2.10484 2.10484 -2.10484 2.10484 -2.10484 -2.10484 -2.10484 -2.10484 -2.10484 -2.10484 2.10484 2.10484 2.10484 2.10484 
Fopt: -53.86
F(Xopt): -53.86
