Fitness: -16714.769085094635
Objective: 16622.179085094635
Individual: -3.30476 -1.22663 -0.75823 -3.94842 0.46868 -0.82905 -2.10024 -0.03914 -0.38821 0.74808 -0.76471 -0.34355 1.67215 -1.11086 4.13941 -1.20433 0.81073 -0.24626 -1.10584 -0.19944 1.19512 -0.55153 -0.16291 0.70978 -1.14718 
Gradient: -642.96262 0.09654 208.76905 -837.46819 -0.75201 1.25790 -0.37146 -0.30393 1.04209 -187.95869 -750.09127 1029.69610 4118.55277 -1214.14264 4856.84875 930.50788 4793.27063 -4264.83506 378.53274 1509.04160 -148.68246 2333.27745 -7742.72019 -3154.08637 0.96701 
Xopt: -2.10484 2.10484 2.10484 -2.10484 -2.10484 2.10484 -2.10484 2.10484 2.10484 2.10484 2.10484 -2.10484 -2.10484 -2.10484 2.10484 -2.10484 -2.10484 2.10484 -2.10484 -2.10484 2.10484 -2.10484 2.10484 2.10484 -2.10484 
Fopt: 92.59
F(Xopt): 92.59
