Fitness: -1007.1512929762548
Objective: 920.7612929762548
Individual: 0.74221 -2.14465 0.86525 -0.64749 2.67636 1.49882 1.02181 -0.40106 -2.09985 -1.20811 0.49999 -0.61242 1.72996 0.29108 -0.55043 -1.18734 -1.71179 -0.60522 -1.07509 -1.83521 -1.96442 0.61702 -2.20015 0.88640 -0.47940 
Gradient: -44.58083 -176.53754 0.43533 -0.43448 0.97778 0.18185 -1.10376 1.41467 -0.66080 0.20947 -1.40208 0.32529 -15.40847 58.17436 -0.13600 -0.12606 0.99413 -0.42124 -1.15972 1.39011 0.63051 0.00981 -1.80767 -946.66111 3787.45629 
Xopt: 2.10484 2.10484 2.10484 -2.10484 2.10484 2.10484 -2.10484 2.10484 -2.10484 -2.10484 -2.10484 -2.10484 2.10484 -2.10484 -2.10484 -2.10484 -2.10484 -2.10484 -2.10484 -2.10484 -2.10484 2.10484 -2.10484 2.10484 -2.10484 
Fopt: 86.39
F(Xopt): 86.39
