Fitness: -7056.125884671649
Objective: 7145.14588467165
Individual: -0.69818 -2.22819 -1.46376 1.57772 0.09277 1.17734 -1.79600 -0.83969 0.10134 -1.85326 -1.70563 -1.02380 2.37088 -0.35859 0.19584 -0.38225 -0.05684 -0.66516 1.72463 -1.12285 1.98982 2.17964 0.22920 1.55533 0.43175 
Gradient: -142.46517 -682.37602 -611.59322 627.65005 0.78902 -242.26463 -1213.88167 -984.77249 -0.44039 0.52280 -0.89832 -0.17132 0.33241 -430.53337 2419.28081 -3257.96912 3248.59473 -5088.51542 0.99710 -0.81599 1.67442 -418.91303 -1681.12529 -709.11229 -2833.88348 
Xopt: 2.10484 2.10484 2.10484 -2.10484 -2.10484 2.10484 2.10484 2.10484 -2.10484 -2.10484 -2.10484 -2.10484 2.10484 2.10484 -2.10484 2.10484 -2.10484 2.10484 2.10484 -2.10484 2.10484 2.10484 2.10484 2.10484 2.10484 
Fopt: -89.02
F(Xopt): -89.02
