Fitness: -8689.863131332571
Objective: 8946.623131332572
Individual: 1.19286 1.94989 0.83797 0.92657 -0.24708 -1.28622 0.99755 -1.84480 -0.91792 1.78253 -2.33261 2.06098 -2.75251 -0.68912 1.34586 -0.10748 -0.89225 -0.65125 2.50255 -0.67705 0.11123 1.38129 2.72000 0.05438 -1.08166 
Gradient: 107.49585 432.20591 0.11164 1.02355 -115.95614 -461.03219 -365.26033 -1462.95033 565.59427 2264.12465 0.62060 261.85545 -932.74424 -456.49629 -0.41444 -1.60039 1.01797 1.44857 -1028.90252 -5681.94097 6252.76853 490.44253 1089.82365 3682.50284 855.01892 
Xopt: -2.10484 -2.10484 2.10484 -2.10484 2.10484 2.10484 2.10484 2.10484 -2.10484 -2.10484 -2.10484 2.10484 -2.10484 2.10484 2.10484 -2.10484 -2.10484 -2.10484 2.10484 2.10484 -2.10484 2.10484 2.10484 -2.10484 -2.10484 
Fopt: -256.76
F(Xopt): -256.76
