Fitness: -11396.913634221472
Objective: 11159.273634221472
Individual: 3.20330 -1.28723 1.88898 -1.81446 -2.86092 -0.37187 0.62962 2.82306 -0.42685 -0.67512 0.59827 -0.38702 -1.11192 0.48885 1.67817 -0.36843 0.19772 1.14214 -0.07884 0.09274 1.78230 0.45685 -0.10856 -1.10153 -1.20217 
Gradient: 636.33703 -290.83503 -0.09851 0.78302 1.07789 -0.37518 -1.17315 0.32253 99.03989 -683.25239 1404.65843 -1038.19035 261.47805 1042.54707 -285.26939 -1867.61339 2907.03478 -541.41994 -3275.68714 4422.30018 -1442.15454 7473.49459 6826.29816 -2.56280 0.38743 
Xopt: -2.10484 2.10484 2.10484 2.10484 -2.10484 2.10484 -2.10484 2.10484 -2.10484 2.10484 -2.10484 2.10484 -2.10484 -2.10484 2.10484 2.10484 -2.10484 2.10484 2.10484 -2.10484 2.10484 -2.10484 -2.10484 -2.10484 -2.10484 
Fopt: 237.64
F(Xopt): 237.64
