Fitness: -9346.358840947974
Objective: 9291.278840947974
Individual: -1.20811 1.23472 -0.00980 -1.70075 2.91438 -2.00869 0.60655 -0.26337 1.09264 0.65568 3.56331 2.01675 0.53480 -1.54611 -1.81537 0.55458 -1.04445 0.73817 1.85920 -0.60037 0.78858 1.42847 1.02989 -0.35132 -0.17191 
Gradient: 0.59518 0.08153 -0.42490 -112.11890 354.95356 -475.06784 408.16113 0.19780 -11.09774 -230.19816 1117.58602 100.83434 -0.67181 -0.33195 -1.57159 1.26947 1094.92952 4379.65286 -1134.61800 -4848.84056 -1247.19490 -0.15106 -897.21951 5421.33119 7321.88031 
Xopt: 2.10484 2.10484 -2.10484 -2.10484 2.10484 2.10484 -2.10484 2.10484 2.10484 -2.10484 2.10484 2.10484 2.10484 -2.10484 -2.10484 2.10484 -2.10484 -2.10484 2.10484 2.10484 2.10484 2.10484 2.10484 -2.10484 -2.10484 
Fopt: 55.08
F(Xopt): 55.08
