Fitness: -31.08700446532149
Objective: 0.09700446532148987
Individual: 1.82785 2.02682 2.09594 0.66030 3.41910 -0.90368 0.62114 0.70912 -0.11921 3.24869 
Gradient: -1.35817 0.67380 -0.30620 -1.62545 -4.99352 -0.61521 -0.30177 -0.51314 -0.47934 0.66530 
Xopt: 1.84129 2.13149 2.16075 0.72766 3.43553 -0.88554 0.73464 0.64045 -0.06965 3.22997 
Fopt: 30.99
F(Xopt): 30.99
