Fitness: -76.8642955423599
Objective: 14.734295542359895
Individual: 2.61868 4.11688 -0.14807 4.50721 2.91454 3.65012 -3.69690 -2.22484 0.14004 3.61435 
Gradient: 2.10737 2.19696 -0.05008 1.36839 0.06320 2.52330 -1.96541 3.64332 -4.59602 2.12613 
Xopt: 1.84918 3.21158 -0.02542 3.88702 2.85699 3.89937 -2.17474 -3.40165 1.94526 3.59667 
Fopt: 62.13
F(Xopt): 62.13
