Fitness: -29.414307161840437
Objective: 0.09430716184043675
Individual: 1.86846 0.66912 2.31202 -2.95093 -1.36073 1.47372 0.20711 3.15119 -3.74647 3.48406 
Gradient: 0.05729 0.03223 0.06065 0.32832 0.00257 0.33459 -0.49463 -0.00280 0.28695 0.00188 
Xopt: 1.84631 0.63700 2.22410 -3.08002 -1.29627 1.43213 0.33776 3.15911 -3.87834 3.46332 
Fopt: 29.32
F(Xopt): 29.32
