Fitness: 103.85153177990216
Objective: 0.10846822009783352
Individual: 1.86294 3.34682 3.29289 1.38685 -3.35903 -3.69207 1.51722 2.49599 -2.74099 3.31804 
Gradient: 0.51336 -0.01586 -0.16528 -0.57814 0.02421 0.81082 -2.02954 -0.03047 0.05433 -0.74716 
Xopt: 1.84488 3.34971 3.34886 1.43646 -3.37290 -3.80149 1.59401 2.43950 -2.79014 3.39665 
Fopt: -103.96
F(Xopt): -103.96
