Fitness: -58.863317025351364
Objective: 9.133317025351367
Individual: 2.32107 2.16818 -2.28749 2.33862 1.02557 -1.11088 -2.76053 2.91209 -3.27598 2.82261 
Gradient: 1.10947 0.58920 -9.77814 -8.46053 -1.68308 -5.21388 0.28047 -0.60306 2.38140 -17.74139 
Xopt: 1.84559 1.99336 -1.21352 3.17822 1.66542 -1.18468 -3.03411 2.79930 -3.33424 3.42998 
Fopt: 49.73
F(Xopt): 49.73
