Fitness: 138.72636753966847
Objective: 0.14363246033153132
Individual: 1.91026 -3.24390 0.06088 -0.18484 -0.51341 1.61360 -1.81828 2.07365 -2.27205 3.25394 
Gradient: 0.04964 0.05487 0.69355 0.41623 -0.03572 0.01466 0.00432 -0.02720 -0.07145 -0.94125 
Xopt: 1.84416 -3.29393 -0.08876 -0.30530 -0.41121 1.58170 -1.77786 2.07969 -2.24604 3.36331 
Fopt: -138.87
F(Xopt): -138.87
