Fitness: -60.64215000952742
Objective: 0.002150009527419172
Individual: 1.84700 -2.06680 1.10189 0.39761 0.78486 -1.32496 -0.91626 3.88072 3.03116 3.55006 
Gradient: 0.00006 0.07025 0.00730 -0.07210 0.03024 0.01156 0.02071 0.03180 -0.01284 0.13824 
Xopt: 1.84774 -2.07571 1.09934 0.40350 0.78036 -1.33425 -0.91849 3.87873 3.03346 3.52999 
Fopt: 60.64
F(Xopt): 60.64
