Fitness: -67.43231062624267
Objective: 0.0023106262426608737
Individual: 1.85000 -0.72015 -2.33246 -1.34914 3.72163 -3.94021 3.72092 3.51748 3.57272 3.49135 
Gradient: -0.01123 -0.00792 0.02402 -0.03453 -0.09194 0.06788 0.08599 0.00009 0.01195 -0.02492 
Xopt: 1.84703 -0.71935 -2.33828 -1.33826 3.74205 -3.95106 3.70964 3.51892 3.57756 3.49666 
Fopt: 67.43
F(Xopt): 67.43
