Fitness: 11.911654440631255
Objective: 0.1683455593687455
Individual: 1.80994 -3.51855 -3.50451 2.29655 -2.24762 1.43098 2.39718 -3.78770 2.58226 3.50601 
Gradient: -0.45132 -0.21979 -0.03142 0.58424 -0.10677 1.36872 0.19702 -0.05800 -0.00002 0.00000 
Xopt: 1.84846 -3.43206 -3.46304 2.14526 -2.18132 1.28256 2.45339 -3.76146 2.48936 3.56333 
Fopt: -12.08
F(Xopt): -12.08
