Fitness: 65.42592306911209
Objective: 0.014076930887910066
Individual: 1.80100 0.79691 -2.42029 2.46168 0.46177 1.77749 -3.87033 1.00777 -0.60930 3.22902 
Gradient: -0.04700 0.00920 -0.00938 -0.00894 0.00057 0.03415 0.00788 0.00029 -0.00000 0.00002 
Xopt: 1.84201 0.77513 -2.40163 2.46942 0.47384 1.73127 -3.89349 1.00026 -0.61375 3.26330 
Fopt: -65.44
F(Xopt): -65.44
